# BLASTN 2.16.0+
# Query: nheA_NZ_JBJJSR010000001.1:1765215-1766375
# Database: /workdir/crp86/bc/bc_contigs.fasta
# Fields: query acc.ver, subject acc.ver, % identity, alignment length, mismatches, gap opens, q. start, q. end, s. start, s. end, evalue, bit score
# 247 hits found
nheA_NZ_JBJJSR010000001.1:1765215-1766375	PS00452_69138	100.000	1161	0	0	1	1161	35225	36385	0.0	2145
nheA_NZ_JBJJSR010000001.1:1765215-1766375	PS00090_5421	100.000	1161	0	0	1	1161	10026	8866	0.0	2145
nheA_NZ_JBJJSR010000001.1:1765215-1766375	PS00040_348	100.000	1161	0	0	1	1161	223797	224957	0.0	2145
nheA_NZ_JBJJSR010000001.1:1765215-1766375	PS00039_236	100.000	1161	0	0	1	1161	215205	216365	0.0	2145
nheA_NZ_JBJJSR010000001.1:1765215-1766375	PS00023_92	100.000	1161	0	0	1	1161	1765215	1766375	0.0	2145
nheA_NZ_JBJJSR010000001.1:1765215-1766375	PS00526_106985	99.914	1161	1	0	1	1161	3085	4245	0.0	2139
nheA_NZ_JBJJSR010000001.1:1765215-1766375	PS00462_71467	99.914	1161	1	0	1	1161	102737	103897	0.0	2139
nheA_NZ_JBJJSR010000001.1:1765215-1766375	PS00197_21622	99.914	1161	1	0	1	1161	16654	15494	0.0	2139
nheA_NZ_JBJJSR010000001.1:1765215-1766375	PS00191_20807	99.914	1161	1	0	1	1161	57509	58669	0.0	2139
nheA_NZ_JBJJSR010000001.1:1765215-1766375	PS00185_20012	99.914	1161	1	0	1	1161	96401	97561	0.0	2139
nheA_NZ_JBJJSR010000001.1:1765215-1766375	PS00152_17926	99.914	1161	1	0	1	1161	9999	8839	0.0	2139
nheA_NZ_JBJJSR010000001.1:1765215-1766375	PS00143_16140	99.914	1161	1	0	1	1161	26608	25448	0.0	2139
nheA_NZ_JBJJSR010000001.1:1765215-1766375	PS00121_12081	99.914	1161	1	0	1	1161	280	1440	0.0	2139
nheA_NZ_JBJJSR010000001.1:1765215-1766375	PS00114_10291	99.914	1161	1	0	1	1161	35893	37053	0.0	2139
nheA_NZ_JBJJSR010000001.1:1765215-1766375	PS00208_22025	99.828	1161	2	0	1	1161	1011104	1012264	0.0	2134
nheA_NZ_JBJJSR010000001.1:1765215-1766375	PS00189_20311	99.742	1161	3	0	1	1161	265	1425	0.0	2128
nheA_NZ_JBJJSR010000001.1:1765215-1766375	PS00163_19407	99.742	1161	3	0	1	1161	401132	402292	0.0	2128
nheA_NZ_JBJJSR010000001.1:1765215-1766375	PS00107_8670	99.655	1161	4	0	1	1161	1672354	1673514	0.0	2122
nheA_NZ_JBJJSR010000001.1:1765215-1766375	PS00597_143773	99.225	1161	9	0	1	1161	505	1665	0.0	2095
nheA_NZ_JBJJSR010000001.1:1765215-1766375	PS00434_51317	99.225	1161	9	0	1	1161	3469	2309	0.0	2095
nheA_NZ_JBJJSR010000001.1:1765215-1766375	PS00797_161991	99.053	1161	11	0	1	1161	319	1479	0.0	2084
nheA_NZ_JBJJSR010000001.1:1765215-1766375	PS00444_65313	99.053	1161	11	0	1	1161	68311	69471	0.0	2084
nheA_NZ_JBJJSR010000001.1:1765215-1766375	PS00042_764	99.053	1161	11	0	1	1161	293	1453	0.0	2084
nheA_NZ_JBJJSR010000001.1:1765215-1766375	PS00590_141515	98.966	1161	12	0	1	1161	40690	41850	0.0	2078
nheA_NZ_JBJJSR010000001.1:1765215-1766375	PS00086_4143	98.966	1161	12	0	1	1161	8528	7368	0.0	2078
nheA_NZ_JBJJSR010000001.1:1765215-1766375	PS00910_166186	98.794	1161	14	0	1	1161	194501	193341	0.0	2067
nheA_NZ_JBJJSR010000001.1:1765215-1766375	PS00459_70655	98.794	1161	14	0	1	1161	5680	4520	0.0	2067
nheA_NZ_JBJJSR010000001.1:1765215-1766375	PS00087_4730	98.794	1161	14	0	1	1161	58226	59386	0.0	2067
nheA_NZ_JBJJSR010000001.1:1765215-1766375	PS00569_129511	98.708	1161	15	0	1	1161	70212	71372	0.0	2061
nheA_NZ_JBJJSR010000001.1:1765215-1766375	PS00649_159989	98.622	1161	16	0	1	1161	28975	27815	0.0	2056
nheA_NZ_JBJJSR010000001.1:1765215-1766375	PS00579_136626	98.622	1161	16	0	1	1161	5181	6341	0.0	2056
nheA_NZ_JBJJSR010000001.1:1765215-1766375	PS00555_123896	98.622	1161	16	0	1	1161	246485	247645	0.0	2056
nheA_NZ_JBJJSR010000001.1:1765215-1766375	PS00547_119937	98.622	1161	16	0	1	1161	2890	1730	0.0	2056
nheA_NZ_JBJJSR010000001.1:1765215-1766375	PS00512_96068	98.622	1161	16	0	1	1161	153319	154479	0.0	2056
nheA_NZ_JBJJSR010000001.1:1765215-1766375	PS00511_95367	98.622	1161	16	0	1	1161	6016	4856	0.0	2056
nheA_NZ_JBJJSR010000001.1:1765215-1766375	PS00427_42571	98.622	1161	16	0	1	1161	3525	2365	0.0	2056
nheA_NZ_JBJJSR010000001.1:1765215-1766375	PS00424_39745	98.622	1161	16	0	1	1161	26215	25055	0.0	2056
nheA_NZ_JBJJSR010000001.1:1765215-1766375	PS00413_30727	98.622	1161	16	0	1	1161	211	1371	0.0	2056
nheA_NZ_JBJJSR010000001.1:1765215-1766375	PS00412_30078	98.622	1161	16	0	1	1161	77353	76193	0.0	2056
nheA_NZ_JBJJSR010000001.1:1765215-1766375	PS00411_29495	98.622	1161	16	0	1	1161	77353	76193	0.0	2056
nheA_NZ_JBJJSR010000001.1:1765215-1766375	PS00410_29050	98.622	1161	16	0	1	1161	77353	76193	0.0	2056
nheA_NZ_JBJJSR010000001.1:1765215-1766375	PS00409_26418	98.622	1161	16	0	1	1161	2955	1795	0.0	2056
nheA_NZ_JBJJSR010000001.1:1765215-1766375	PS00170_19716	98.622	1161	16	0	1	1161	245582	244422	0.0	2056
nheA_NZ_JBJJSR010000001.1:1765215-1766375	PS00141_15427	98.622	1161	16	0	1	1161	211421	210261	0.0	2056
nheA_NZ_JBJJSR010000001.1:1765215-1766375	PS00132_14606	98.622	1161	16	0	1	1161	192237	191077	0.0	2056
nheA_NZ_JBJJSR010000001.1:1765215-1766375	PS00131_14502	98.622	1161	16	0	1	1161	68492	69652	0.0	2056
nheA_NZ_JBJJSR010000001.1:1765215-1766375	PS00100_7216	98.622	1161	16	0	1	1161	18618	17458	0.0	2056
nheA_NZ_JBJJSR010000001.1:1765215-1766375	PS00493_87630	98.536	1161	17	0	1	1161	3781	2621	0.0	2050
nheA_NZ_JBJJSR010000001.1:1765215-1766375	PS00451_67950	98.536	1161	17	0	1	1161	2933	1773	0.0	2050
nheA_NZ_JBJJSR010000001.1:1765215-1766375	PS00431_46402	98.536	1161	17	0	1	1161	72193	73353	0.0	2050
nheA_NZ_JBJJSR010000001.1:1765215-1766375	PS00425_40171	98.536	1161	17	0	1	1161	3795	2635	0.0	2050
nheA_NZ_JBJJSR010000001.1:1765215-1766375	PS00144_16237	98.536	1161	17	0	1	1161	72066	73226	0.0	2050
nheA_NZ_JBJJSR010000001.1:1765215-1766375	PS00429_44194	98.450	1161	18	0	1	1161	2952	1792	0.0	2045
nheA_NZ_JBJJSR010000001.1:1765215-1766375	PS00422_35623	98.450	1161	18	0	1	1161	6968	8128	0.0	2045
nheA_NZ_JBJJSR010000001.1:1765215-1766375	PS00196_21240	98.450	1161	18	0	1	1161	31881	30721	0.0	2045
nheA_NZ_JBJJSR010000001.1:1765215-1766375	PS00122_12214	98.363	1161	19	0	1	1161	34965	33805	0.0	2039
nheA_NZ_JBJJSR010000001.1:1765215-1766375	PS00578_135059	99.714	1049	3	0	1	1049	393	1441	0.0	1921
nheA_NZ_JBJJSR010000001.1:1765215-1766375	PS00415_33542	98.777	1063	13	0	1	1063	1063	1	0.0	1892
nheA_NZ_JBJJSR010000001.1:1765215-1766375	PS00119_11632	95.866	1161	48	0	1	1161	4878	3718	0.0	1879
nheA_NZ_JBJJSR010000001.1:1765215-1766375	PS00924_175533	95.693	1161	50	0	1	1161	832835	833995	0.0	1868
nheA_NZ_JBJJSR010000001.1:1765215-1766375	PS00921_172158	95.693	1161	50	0	1	1161	832832	833992	0.0	1868
nheA_NZ_JBJJSR010000001.1:1765215-1766375	PS00919_171381	95.693	1161	50	0	1	1161	3775	2615	0.0	1868
nheA_NZ_JBJJSR010000001.1:1765215-1766375	PS00190_20695	95.693	1161	50	0	1	1161	88463	87303	0.0	1868
nheA_NZ_JBJJSR010000001.1:1765215-1766375	PS00795_161330	95.521	1161	52	0	1	1161	6240	5080	0.0	1857
nheA_NZ_JBJJSR010000001.1:1765215-1766375	PS00558_124443	95.521	1161	52	0	1	1161	2982	1822	0.0	1857
nheA_NZ_JBJJSR010000001.1:1765215-1766375	PS00220_23608	95.521	1161	52	0	1	1161	368138	369298	0.0	1857
nheA_NZ_JBJJSR010000001.1:1765215-1766375	PS00105_8511	95.521	1161	52	0	1	1161	20711	21871	0.0	1857
nheA_NZ_JBJJSR010000001.1:1765215-1766375	PS00081_2890	95.521	1161	52	0	1	1161	302940	301780	0.0	1857
nheA_NZ_JBJJSR010000001.1:1765215-1766375	PS00922_172787	95.435	1161	53	0	1	1161	4461	3301	0.0	1851
nheA_NZ_JBJJSR010000001.1:1765215-1766375	PS00810_165307	95.435	1161	53	0	1	1161	123777	124937	0.0	1851
nheA_NZ_JBJJSR010000001.1:1765215-1766375	PS00807_164367	95.435	1161	53	0	1	1161	13503	12343	0.0	1851
nheA_NZ_JBJJSR010000001.1:1765215-1766375	PS00642_155320	95.435	1161	53	0	1	1161	148120	149280	0.0	1851
nheA_NZ_JBJJSR010000001.1:1765215-1766375	PS00641_155148	95.435	1161	53	0	1	1161	134454	133294	0.0	1851
nheA_NZ_JBJJSR010000001.1:1765215-1766375	PS00638_147381	95.435	1161	53	0	1	1161	46823	45663	0.0	1851
nheA_NZ_JBJJSR010000001.1:1765215-1766375	PS00567_129161	95.435	1161	53	0	1	1161	7030	8190	0.0	1851
nheA_NZ_JBJJSR010000001.1:1765215-1766375	PS00557_124252	95.435	1161	53	0	1	1161	238946	237786	0.0	1851
nheA_NZ_JBJJSR010000001.1:1765215-1766375	PS00542_115207	95.435	1161	53	0	1	1161	2516	1356	0.0	1851
nheA_NZ_JBJJSR010000001.1:1765215-1766375	PS00516_98447	95.435	1161	53	0	1	1161	5884	4724	0.0	1851
nheA_NZ_JBJJSR010000001.1:1765215-1766375	PS00215_22110	95.435	1161	53	0	1	1161	1618335	1617175	0.0	1851
nheA_NZ_JBJJSR010000001.1:1765215-1766375	PS00124_13092	95.435	1161	53	0	1	1161	4645	3485	0.0	1851
nheA_NZ_JBJJSR010000001.1:1765215-1766375	PS00094_6157	95.435	1161	53	0	1	1161	570377	571537	0.0	1851
nheA_NZ_JBJJSR010000001.1:1765215-1766375	PS00085_3551	95.435	1161	53	0	1	1161	20560	19400	0.0	1851
nheA_NZ_JBJJSR010000001.1:1765215-1766375	PS00799_163290	95.349	1161	54	0	1	1161	48328	47168	0.0	1845
nheA_NZ_JBJJSR010000001.1:1765215-1766375	PS00793_161046	95.349	1161	54	0	1	1161	48149	49309	0.0	1845
nheA_NZ_JBJJSR010000001.1:1765215-1766375	PS00769_160150	95.349	1161	54	0	1	1161	3488	2328	0.0	1845
nheA_NZ_JBJJSR010000001.1:1765215-1766375	PS00643_159793	95.349	1161	54	0	1	1161	4070	5230	0.0	1845
nheA_NZ_JBJJSR010000001.1:1765215-1766375	PS00640_154654	95.349	1161	54	0	1	1161	3770	4930	0.0	1845
nheA_NZ_JBJJSR010000001.1:1765215-1766375	PS00572_132397	95.349	1161	54	0	1	1161	368	1528	0.0	1845
nheA_NZ_JBJJSR010000001.1:1765215-1766375	PS00566_129051	95.349	1161	54	0	1	1161	4047074	4045914	0.0	1845
nheA_NZ_JBJJSR010000001.1:1765215-1766375	PS00565_128163	95.349	1161	54	0	1	1161	4062	5222	0.0	1845
nheA_NZ_JBJJSR010000001.1:1765215-1766375	PS00562_125784	95.349	1161	54	0	1	1161	3931	2771	0.0	1845
nheA_NZ_JBJJSR010000001.1:1765215-1766375	PS00491_85792	95.349	1161	54	0	1	1161	5595	4435	0.0	1845
nheA_NZ_JBJJSR010000001.1:1765215-1766375	PS00112_9739	95.349	1161	54	0	1	1161	78670	79830	0.0	1845
nheA_NZ_JBJJSR010000001.1:1765215-1766375	PS00103_8156	95.349	1161	54	0	1	1161	5714	4554	0.0	1845
nheA_NZ_JBJJSR010000001.1:1765215-1766375	PS00809_164817	95.263	1161	55	0	1	1161	34310	35470	0.0	1840
nheA_NZ_JBJJSR010000001.1:1765215-1766375	PS00798_162634	95.263	1161	55	0	1	1161	5180	6340	0.0	1840
nheA_NZ_JBJJSR010000001.1:1765215-1766375	PS00792_160594	95.263	1161	55	0	1	1161	7020	8180	0.0	1840
nheA_NZ_JBJJSR010000001.1:1765215-1766375	PS00789_160313	95.263	1161	55	0	1	1161	13628	12468	0.0	1840
nheA_NZ_JBJJSR010000001.1:1765215-1766375	PS00620_147295	95.263	1161	55	0	1	1161	856452	857612	0.0	1840
nheA_NZ_JBJJSR010000001.1:1765215-1766375	PS00619_147138	95.263	1161	55	0	1	1161	16681	17841	0.0	1840
nheA_NZ_JBJJSR010000001.1:1765215-1766375	PS00591_143170	95.263	1161	55	0	1	1161	554	1714	0.0	1840
nheA_NZ_JBJJSR010000001.1:1765215-1766375	PS00560_124644	95.263	1161	55	0	1	1161	42546	41386	0.0	1840
nheA_NZ_JBJJSR010000001.1:1765215-1766375	PS00552_122037	95.263	1161	55	0	1	1161	268	1428	0.0	1840
nheA_NZ_JBJJSR010000001.1:1765215-1766375	PS00545_117767	95.263	1161	55	0	1	1161	38555	37395	0.0	1840
nheA_NZ_JBJJSR010000001.1:1765215-1766375	PS00091_5804	95.263	1161	55	0	1	1161	75827	76987	0.0	1840
nheA_NZ_JBJJSR010000001.1:1765215-1766375	PS00079_2887	95.263	1161	55	0	1	1161	4349010	4350170	0.0	1840
nheA_NZ_JBJJSR010000001.1:1765215-1766375	PS00447_67448	95.177	1161	56	0	1	1161	61507	62667	0.0	1834
nheA_NZ_JBJJSR010000001.1:1765215-1766375	PS00050_1976	95.177	1161	56	0	1	1161	164788	165948	0.0	1834
nheA_NZ_JBJJSR010000001.1:1765215-1766375	PS00914_167567	95.090	1161	57	0	1	1161	37001	35841	0.0	1829
nheA_NZ_JBJJSR010000001.1:1765215-1766375	PS00504_91916	95.090	1161	57	0	1	1161	4119	2959	0.0	1829
nheA_NZ_JBJJSR010000001.1:1765215-1766375	PS00471_76232	95.090	1161	57	0	1	1161	2884	4044	0.0	1829
nheA_NZ_JBJJSR010000001.1:1765215-1766375	PS00151_17572	95.090	1161	57	0	1	1161	4593	3433	0.0	1829
nheA_NZ_JBJJSR010000001.1:1765215-1766375	PS00142_15781	95.090	1161	57	0	1	1161	13367	12207	0.0	1829
nheA_NZ_JBJJSR010000001.1:1765215-1766375	PS00120_11805	95.090	1161	57	0	1	1161	216999	215839	0.0	1829
nheA_NZ_JBJJSR010000001.1:1765215-1766375	PS00111_9237	95.090	1161	57	0	1	1161	9313	10473	0.0	1829
nheA_NZ_JBJJSR010000001.1:1765215-1766375	PS00083_3320	95.090	1161	57	0	1	1161	1077316	1078476	0.0	1829
nheA_NZ_JBJJSR010000001.1:1765215-1766375	PS00546_118033	95.004	1161	58	0	1	1161	5282	6442	0.0	1823
nheA_NZ_JBJJSR010000001.1:1765215-1766375	PS00518_100913	95.004	1161	58	0	1	1161	4460	3300	0.0	1823
nheA_NZ_JBJJSR010000001.1:1765215-1766375	PS00517_98958	95.004	1161	58	0	1	1161	3227	2067	0.0	1823
nheA_NZ_JBJJSR010000001.1:1765215-1766375	PS00506_93833	95.004	1161	58	0	1	1161	4067	5227	0.0	1823
nheA_NZ_JBJJSR010000001.1:1765215-1766375	PS00505_93235	95.004	1161	58	0	1	1161	20347	19187	0.0	1823
nheA_NZ_JBJJSR010000001.1:1765215-1766375	PS00466_72603	95.004	1161	58	0	1	1161	257	1417	0.0	1823
nheA_NZ_JBJJSR010000001.1:1765215-1766375	PS00426_41209	95.004	1161	58	0	1	1161	2737	3897	0.0	1823
nheA_NZ_JBJJSR010000001.1:1765215-1766375	PS00420_35188	95.004	1161	58	0	1	1161	182993	181833	0.0	1823
nheA_NZ_JBJJSR010000001.1:1765215-1766375	PS00045_1371	95.004	1161	58	0	1	1161	296482	297642	0.0	1823
nheA_NZ_JBJJSR010000001.1:1765215-1766375	PS00096_6971	94.918	1161	59	0	1	1161	116663	115503	0.0	1818
nheA_NZ_JBJJSR010000001.1:1765215-1766375	PS00049_1817	94.923	1162	57	2	1	1161	219570	220730	0.0	1818
nheA_NZ_JBJJSR010000001.1:1765215-1766375	PS00468_74796	94.850	1165	56	3	1	1161	4186	5350	0.0	1816
nheA_NZ_JBJJSR010000001.1:1765215-1766375	PS00554_122688	94.832	1161	60	0	1	1161	4042	5202	0.0	1812
nheA_NZ_JBJJSR010000001.1:1765215-1766375	PS00483_82745	94.832	1161	60	0	1	1161	4052	5212	0.0	1812
nheA_NZ_JBJJSR010000001.1:1765215-1766375	PS00457_70237	94.832	1161	60	0	1	1161	13363	12203	0.0	1812
nheA_NZ_JBJJSR010000001.1:1765215-1766375	PS00455_70089	94.832	1161	60	0	1	1161	116579	115419	0.0	1812
nheA_NZ_JBJJSR010000001.1:1765215-1766375	PS00418_35021	94.832	1161	60	0	1	1161	4102	2942	0.0	1812
nheA_NZ_JBJJSR010000001.1:1765215-1766375	PS00414_31944	94.832	1161	60	0	1	1161	3079	4239	0.0	1812
nheA_NZ_JBJJSR010000001.1:1765215-1766375	PS00108_8699	94.832	1161	60	0	1	1161	12074	10914	0.0	1812
nheA_NZ_JBJJSR010000001.1:1765215-1766375	PS00012_90	94.832	1161	60	0	1	1161	1871468	1872628	0.0	1812
nheA_NZ_JBJJSR010000001.1:1765215-1766375	PS00564_126736	94.746	1161	61	0	1	1161	370	1530	0.0	1807
nheA_NZ_JBJJSR010000001.1:1765215-1766375	PS00417_34902	94.746	1161	61	0	1	1161	817422	818582	0.0	1807
nheA_NZ_JBJJSR010000001.1:1765215-1766375	PS00416_34548	94.746	1161	61	0	1	1161	15484	14324	0.0	1807
nheA_NZ_JBJJSR010000001.1:1765215-1766375	PS00162_19332	94.746	1161	61	0	1	1161	48704	47544	0.0	1807
nheA_NZ_JBJJSR010000001.1:1765215-1766375	PS00156_18488	94.746	1161	61	0	1	1161	48718	47558	0.0	1807
nheA_NZ_JBJJSR010000001.1:1765215-1766375	PS00154_18394	94.746	1161	61	0	1	1161	48522	47362	0.0	1807
nheA_NZ_JBJJSR010000001.1:1765215-1766375	PS00133_14714	94.746	1161	61	0	1	1161	176981	178141	0.0	1807
nheA_NZ_JBJJSR010000001.1:1765215-1766375	PS00130_14425	94.746	1161	61	0	1	1161	302339	303499	0.0	1807
nheA_NZ_JBJJSR010000001.1:1765215-1766375	PS00129_14284	94.746	1161	61	0	1	1161	139392	138232	0.0	1807
nheA_NZ_JBJJSR010000001.1:1765215-1766375	PS00118_11527	94.746	1161	61	0	1	1161	48704	47544	0.0	1807
nheA_NZ_JBJJSR010000001.1:1765215-1766375	PS00113_9952	94.746	1161	61	0	1	1161	709186	710346	0.0	1807
nheA_NZ_JBJJSR010000001.1:1765215-1766375	PS00082_2989	94.746	1161	61	0	1	1161	22941	21781	0.0	1807
nheA_NZ_JBJJSR010000001.1:1765215-1766375	PS00913_167122	94.660	1161	62	0	1	1161	559	1719	0.0	1801
nheA_NZ_JBJJSR010000001.1:1765215-1766375	PS00908_165847	94.660	1161	62	0	1	1161	26311	25151	0.0	1801
nheA_NZ_JBJJSR010000001.1:1765215-1766375	PS00576_133619	94.660	1161	62	0	1	1161	17645	16485	0.0	1801
nheA_NZ_JBJJSR010000001.1:1765215-1766375	PS00573_133236	94.660	1161	62	0	1	1161	10532	11692	0.0	1801
nheA_NZ_JBJJSR010000001.1:1765215-1766375	PS00494_88571	94.660	1161	62	0	1	1161	6910	5750	0.0	1801
nheA_NZ_JBJJSR010000001.1:1765215-1766375	PS00481_81714	94.664	1162	60	2	1	1161	15910	14750	0.0	1801
nheA_NZ_JBJJSR010000001.1:1765215-1766375	PS00470_75428	94.660	1161	62	0	1	1161	299	1459	0.0	1801
nheA_NZ_JBJJSR010000001.1:1765215-1766375	PS00469_74944	94.660	1161	62	0	1	1161	59047	57887	0.0	1801
nheA_NZ_JBJJSR010000001.1:1765215-1766375	PS00467_74011	94.660	1161	62	0	1	1161	241	1401	0.0	1801
nheA_NZ_JBJJSR010000001.1:1765215-1766375	PS00443_65176	94.660	1161	62	0	1	1161	12135	13295	0.0	1801
nheA_NZ_JBJJSR010000001.1:1765215-1766375	PS00435_56205	94.660	1161	62	0	1	1161	3135	4295	0.0	1801
nheA_NZ_JBJJSR010000001.1:1765215-1766375	PS00207_21913	94.660	1161	62	0	1	1161	137153	135993	0.0	1801
nheA_NZ_JBJJSR010000001.1:1765215-1766375	PS00174_19912	94.660	1161	62	0	1	1161	179028	180188	0.0	1801
nheA_NZ_JBJJSR010000001.1:1765215-1766375	PS00165_19548	94.660	1161	62	0	1	1161	122323	121163	0.0	1801
nheA_NZ_JBJJSR010000001.1:1765215-1766375	PS00164_19449	94.660	1161	62	0	1	1161	241270	240110	0.0	1801
nheA_NZ_JBJJSR010000001.1:1765215-1766375	PS00150_17238	94.660	1161	62	0	1	1161	48718	47558	0.0	1801
nheA_NZ_JBJJSR010000001.1:1765215-1766375	PS00145_16325	94.660	1161	62	0	1	1161	71577	70417	0.0	1801
nheA_NZ_JBJJSR010000001.1:1765215-1766375	PS00104_8421	94.660	1161	62	0	1	1161	241256	240096	0.0	1801
nheA_NZ_JBJJSR010000001.1:1765215-1766375	PS00088_5240	94.660	1161	62	0	1	1161	241271	240111	0.0	1801
nheA_NZ_JBJJSR010000001.1:1765215-1766375	PS00084_3406	94.660	1161	62	0	1	1161	178216	179376	0.0	1801
nheA_NZ_JBJJSR010000001.1:1765215-1766375	PS00036_102	94.660	1161	62	0	1	1161	44630	43470	0.0	1801
nheA_NZ_JBJJSR010000001.1:1765215-1766375	PS00009_2	94.660	1161	62	0	1	1161	48704	47544	0.0	1801
nheA_NZ_JBJJSR010000001.1:1765215-1766375	PS00500_89122	94.574	1161	63	0	1	1161	80541	81701	0.0	1796
nheA_NZ_JBJJSR010000001.1:1765215-1766375	PS00138_15369	94.574	1161	63	0	1	1161	63787	64947	0.0	1796
nheA_NZ_JBJJSR010000001.1:1765215-1766375	PS00047_1612	94.574	1161	63	0	1	1161	37814	38974	0.0	1796
nheA_NZ_JBJJSR010000001.1:1765215-1766375	PS00515_97759	94.401	1161	65	0	1	1161	13060	11900	0.0	1784
nheA_NZ_JBJJSR010000001.1:1765215-1766375	PS00492_87222	94.406	1162	63	2	1	1161	3928	2768	0.0	1784
nheA_NZ_JBJJSR010000001.1:1765215-1766375	PS00489_85491	94.406	1162	63	2	1	1161	3928	2768	0.0	1784
nheA_NZ_JBJJSR010000001.1:1765215-1766375	PS00438_58417	94.401	1161	65	0	1	1161	356717	355557	0.0	1784
nheA_NZ_JBJJSR010000001.1:1765215-1766375	PS00159_18765	94.401	1161	65	0	1	1161	527172	526012	0.0	1784
nheA_NZ_JBJJSR010000001.1:1765215-1766375	PS00052_2169	94.401	1161	65	0	1	1161	121368	120208	0.0	1784
nheA_NZ_JBJJSR010000001.1:1765215-1766375	PS00953_175894	94.320	1162	64	2	1	1161	10417	9257	0.0	1779
nheA_NZ_JBJJSR010000001.1:1765215-1766375	PS00923_174186	94.315	1161	66	0	1	1161	4424	3264	0.0	1779
nheA_NZ_JBJJSR010000001.1:1765215-1766375	PS00918_170731	94.315	1161	66	0	1	1161	4882	3722	0.0	1779
nheA_NZ_JBJJSR010000001.1:1765215-1766375	PS00917_170211	94.315	1161	66	0	1	1161	4569	3409	0.0	1779
nheA_NZ_JBJJSR010000001.1:1765215-1766375	PS00916_169435	94.315	1161	66	0	1	1161	4457	3297	0.0	1779
nheA_NZ_JBJJSR010000001.1:1765215-1766375	PS00915_167862	94.315	1161	66	0	1	1161	3793	2633	0.0	1779
nheA_NZ_JBJJSR010000001.1:1765215-1766375	PS00912_166869	94.315	1161	66	0	1	1161	30069	28909	0.0	1779
nheA_NZ_JBJJSR010000001.1:1765215-1766375	PS00911_166556	94.315	1161	66	0	1	1161	15633	16793	0.0	1779
nheA_NZ_JBJJSR010000001.1:1765215-1766375	PS00474_77084	94.315	1161	66	0	1	1161	19562	18402	0.0	1779
nheA_NZ_JBJJSR010000001.1:1765215-1766375	PS00153_18252	94.315	1161	66	0	1	1161	198961	200121	0.0	1779
nheA_NZ_JBJJSR010000001.1:1765215-1766375	PS00147_16688	94.315	1161	66	0	1	1161	4628	3468	0.0	1779
nheA_NZ_JBJJSR010000001.1:1765215-1766375	PS00115_10861	94.320	1162	64	2	1	1161	306	1466	0.0	1779
nheA_NZ_JBJJSR010000001.1:1765215-1766375	PS00110_8987	94.315	1161	66	0	1	1161	4841	3681	0.0	1779
nheA_NZ_JBJJSR010000001.1:1765215-1766375	PS00106_8583	94.315	1161	66	0	1	1161	1057666	1058826	0.0	1779
nheA_NZ_JBJJSR010000001.1:1765215-1766375	PS00101_7802	94.315	1161	66	0	1	1161	15211	16371	0.0	1779
nheA_NZ_JBJJSR010000001.1:1765215-1766375	PS00097_7073	94.320	1162	64	2	1	1161	41712	42872	0.0	1779
nheA_NZ_JBJJSR010000001.1:1765215-1766375	PS00095_6518	94.315	1161	66	0	1	1161	340	1500	0.0	1779
nheA_NZ_JBJJSR010000001.1:1765215-1766375	PS00092_5902	94.315	1161	66	0	1	1161	145601	144441	0.0	1779
nheA_NZ_JBJJSR010000001.1:1765215-1766375	PS00078_2662	94.315	1161	66	0	1	1161	4865	3705	0.0	1779
nheA_NZ_JBJJSR010000001.1:1765215-1766375	PS00920_171867	94.229	1161	67	0	1	1161	4628	3468	0.0	1773
nheA_NZ_JBJJSR010000001.1:1765215-1766375	PS00482_82328	94.234	1162	65	2	1	1161	1952	792	0.0	1773
nheA_NZ_JBJJSR010000001.1:1765215-1766375	PS00445_65891	94.229	1161	67	0	1	1161	3067	1907	0.0	1773
nheA_NZ_JBJJSR010000001.1:1765215-1766375	PS00044_1295	94.229	1161	67	0	1	1161	74694	73534	0.0	1773
nheA_NZ_JBJJSR010000001.1:1765215-1766375	PS00587_140391	94.143	1161	68	0	1	1161	22123	20963	0.0	1768
nheA_NZ_JBJJSR010000001.1:1765215-1766375	PS00161_19036	94.143	1161	68	0	1	1161	1698	2858	0.0	1768
nheA_NZ_JBJJSR010000001.1:1765215-1766375	PS00149_17145	94.143	1161	68	0	1	1161	473	1633	0.0	1768
nheA_NZ_JBJJSR010000001.1:1765215-1766375	PS00127_14072	94.143	1161	68	0	1	1161	35133	36293	0.0	1768
nheA_NZ_JBJJSR010000001.1:1765215-1766375	PS00117_11446	94.143	1161	68	0	1	1161	29815	28655	0.0	1768
nheA_NZ_JBJJSR010000001.1:1765215-1766375	PS00046_1535	94.143	1161	68	0	1	1161	589146	587986	0.0	1768
nheA_NZ_JBJJSR010000001.1:1765215-1766375	PS00529_109741	94.057	1161	69	0	1	1161	272	1432	0.0	1762
nheA_NZ_JBJJSR010000001.1:1765215-1766375	PS00487_83844	94.057	1161	69	0	1	1161	468	1628	0.0	1762
nheA_NZ_JBJJSR010000001.1:1765215-1766375	PS00453_69650	94.057	1161	69	0	1	1161	291	1451	0.0	1762
nheA_NZ_JBJJSR010000001.1:1765215-1766375	PS00442_64154	94.057	1161	69	0	1	1161	2924	1764	0.0	1762
nheA_NZ_JBJJSR010000001.1:1765215-1766375	PS00530_110088	93.971	1161	70	0	1	1161	79029	77869	0.0	1757
nheA_NZ_JBJJSR010000001.1:1765215-1766375	PS00485_83454	93.971	1161	70	0	1	1161	11604	10444	0.0	1757
nheA_NZ_JBJJSR010000001.1:1765215-1766375	PS00463_71730	93.971	1161	70	0	1	1161	990063	988903	0.0	1757
nheA_NZ_JBJJSR010000001.1:1765215-1766375	PS00441_63700	93.971	1161	70	0	1	1161	203621	202461	0.0	1757
nheA_NZ_JBJJSR010000001.1:1765215-1766375	PS00401_25761	93.971	1161	70	0	1	1161	561628	560468	0.0	1757
nheA_NZ_JBJJSR010000001.1:1765215-1766375	PS00400_25563	93.971	1161	70	0	1	1161	3145	4305	0.0	1757
nheA_NZ_JBJJSR010000001.1:1765215-1766375	PS00397_23759	93.971	1161	70	0	1	1161	22690	21530	0.0	1757
nheA_NZ_JBJJSR010000001.1:1765215-1766375	PS00116_11338	93.971	1161	70	0	1	1161	239597	240757	0.0	1757
nheA_NZ_JBJJSR010000001.1:1765215-1766375	PS00051_2015	93.971	1161	70	0	1	1161	121920	123080	0.0	1757
nheA_NZ_JBJJSR010000001.1:1765215-1766375	PS00584_137832	93.885	1161	71	0	1	1161	18612	17452	0.0	1751
nheA_NZ_JBJJSR010000001.1:1765215-1766375	PS00538_113729	93.885	1161	71	0	1	1161	5872	4712	0.0	1751
nheA_NZ_JBJJSR010000001.1:1765215-1766375	PS00532_110388	93.885	1161	71	0	1	1161	4412	3252	0.0	1751
nheA_NZ_JBJJSR010000001.1:1765215-1766375	PS00528_108789	93.885	1161	71	0	1	1161	16672	15512	0.0	1751
nheA_NZ_JBJJSR010000001.1:1765215-1766375	PS00513_96289	93.885	1161	71	0	1	1161	11597	10437	0.0	1751
nheA_NZ_JBJJSR010000001.1:1765215-1766375	PS00503_89558	93.885	1161	71	0	1	1161	3966	2806	0.0	1751
nheA_NZ_JBJJSR010000001.1:1765215-1766375	PS00436_56614	93.885	1161	71	0	1	1161	254	1414	0.0	1751
nheA_NZ_JBJJSR010000001.1:1765215-1766375	PS00589_140936	93.798	1161	72	0	1	1161	5869	4709	0.0	1746
nheA_NZ_JBJJSR010000001.1:1765215-1766375	PS00588_140739	93.798	1161	72	0	1	1161	940733	939573	0.0	1746
nheA_NZ_JBJJSR010000001.1:1765215-1766375	PS00525_106118	93.798	1161	72	0	1	1161	4401	3241	0.0	1746
nheA_NZ_JBJJSR010000001.1:1765215-1766375	PS00524_104544	93.798	1161	72	0	1	1161	1250	90	0.0	1746
nheA_NZ_JBJJSR010000001.1:1765215-1766375	PS00446_67180	93.798	1161	72	0	1	1161	5883	4723	0.0	1746
nheA_NZ_JBJJSR010000001.1:1765215-1766375	PS00430_46096	93.798	1161	72	0	1	1161	33683	32523	0.0	1746
nheA_NZ_JBJJSR010000001.1:1765215-1766375	PS00193_20975	93.798	1161	72	0	1	1161	9930	8770	0.0	1746
nheA_NZ_JBJJSR010000001.1:1765215-1766375	PS00570_130781	95.113	1105	54	0	1	1105	1105	1	0.0	1742
nheA_NZ_JBJJSR010000001.1:1765215-1766375	PS00543_115728	93.712	1161	73	0	1	1161	7010	8170	0.0	1740
nheA_NZ_JBJJSR010000001.1:1765215-1766375	PS00157_18605	93.712	1161	73	0	1	1161	69044	70204	0.0	1740
nheA_NZ_JBJJSR010000001.1:1765215-1766375	PS00048_1778	93.626	1161	74	0	1	1161	23694	22534	0.0	1735
nheA_NZ_JBJJSR010000001.1:1765215-1766375	PS00544_117390	95.142	1091	53	0	1	1091	260	1350	0.0	1722
nheA_NZ_JBJJSR010000001.1:1765215-1766375	PS00561_125494	95.199	1083	52	0	1	1083	1085	3	0.0	1712
nheA_NZ_JBJJSR010000001.1:1765215-1766375	PS00534_111497	93.761	1122	70	0	1	1122	1122	1	0.0	1685
nheA_NZ_JBJJSR010000001.1:1765215-1766375	PS00423_37722	93.631	1099	70	0	1	1099	1099	1	0.0	1642
nheA_NZ_JBJJSR010000001.1:1765215-1766375	PS00514_97394	94.444	1062	57	2	1	1061	1061	1	0.0	1633
nheA_NZ_JBJJSR010000001.1:1765215-1766375	PS00219_22710	93.762	1058	66	0	1	1058	1073	2130	0.0	1589
nheA_NZ_JBJJSR010000001.1:1765215-1766375	PS00585_138924	95.517	870	39	0	292	1161	2979	2110	0.0	1391
nheA_NZ_JBJJSR010000001.1:1765215-1766375	PS00077_2320	84.563	1166	170	9	1	1161	17836	18996	0.0	1147
# BLASTN 2.16.0+
# Query: nheA_NZ_CM000745.1:1686182-1687342
# Database: /workdir/crp86/bc/bc_contigs.fasta
# Fields: query acc.ver, subject acc.ver, % identity, alignment length, mismatches, gap opens, q. start, q. end, s. start, s. end, evalue, bit score
# 119 hits found
nheA_NZ_CM000745.1:1686182-1687342	PS00136_14973	100.000	1161	0	0	1	1161	62548	63708	0.0	2145
nheA_NZ_CM000745.1:1686182-1687342	PS00135_14963	100.000	1161	0	0	1	1161	1686182	1687342	0.0	2145
nheA_NZ_CM000745.1:1686182-1687342	PS00125_13360	100.000	1161	0	0	1	1161	575637	576797	0.0	2145
nheA_NZ_CM000745.1:1686182-1687342	PS00049_1817	76.831	1174	246	25	1	1161	219570	220730	1.30e-180	638
nheA_NZ_CM000745.1:1686182-1687342	PS00012_90	76.621	1172	252	19	1	1161	1871468	1872628	2.82e-177	627
nheA_NZ_CM000745.1:1686182-1687342	PS00518_100913	76.576	1174	249	21	1	1161	4460	3300	1.31e-175	621
nheA_NZ_CM000745.1:1686182-1687342	PS00517_98958	76.576	1174	249	21	1	1161	3227	2067	1.31e-175	621
nheA_NZ_CM000745.1:1686182-1687342	PS00504_91916	76.616	1176	245	25	1	1161	4119	2959	1.31e-175	621
nheA_NZ_CM000745.1:1686182-1687342	PS00438_58417	76.556	1173	251	19	1	1161	356717	355557	1.31e-175	621
nheA_NZ_CM000745.1:1686182-1687342	PS00174_19912	76.616	1176	245	26	1	1161	179028	180188	1.31e-175	621
nheA_NZ_CM000745.1:1686182-1687342	PS00164_19449	76.616	1176	245	26	1	1161	241270	240110	1.31e-175	621
nheA_NZ_CM000745.1:1686182-1687342	PS00104_8421	76.616	1176	245	26	1	1161	241256	240096	1.31e-175	621
nheA_NZ_CM000745.1:1686182-1687342	PS00088_5240	76.616	1176	245	26	1	1161	241271	240111	1.31e-175	621
nheA_NZ_CM000745.1:1686182-1687342	PS00084_3406	76.616	1176	245	26	1	1161	178216	179376	1.31e-175	621
nheA_NZ_CM000745.1:1686182-1687342	PS00416_34548	76.531	1176	246	26	1	1161	15484	14324	6.10e-174	616
nheA_NZ_CM000745.1:1686182-1687342	PS00162_19332	76.531	1176	246	26	1	1161	48704	47544	6.10e-174	616
nheA_NZ_CM000745.1:1686182-1687342	PS00156_18488	76.531	1176	246	26	1	1161	48718	47558	6.10e-174	616
nheA_NZ_CM000745.1:1686182-1687342	PS00154_18394	76.531	1176	246	26	1	1161	48522	47362	6.10e-174	616
nheA_NZ_CM000745.1:1686182-1687342	PS00133_14714	76.531	1176	246	26	1	1161	176981	178141	6.10e-174	616
nheA_NZ_CM000745.1:1686182-1687342	PS00130_14425	76.531	1176	246	26	1	1161	302339	303499	6.10e-174	616
nheA_NZ_CM000745.1:1686182-1687342	PS00118_11527	76.531	1176	246	26	1	1161	48704	47544	6.10e-174	616
nheA_NZ_CM000745.1:1686182-1687342	PS00113_9952	76.531	1176	246	26	1	1161	709186	710346	6.10e-174	616
nheA_NZ_CM000745.1:1686182-1687342	PS00009_2	76.531	1176	246	26	1	1161	48704	47544	6.10e-174	616
nheA_NZ_CM000745.1:1686182-1687342	PS00908_165847	76.486	1178	243	27	1	1161	26311	25151	2.84e-172	610
nheA_NZ_CM000745.1:1686182-1687342	PS00546_118033	76.405	1174	251	23	1	1161	5282	6442	2.84e-172	610
nheA_NZ_CM000745.1:1686182-1687342	PS00515_97759	76.305	1169	261	14	1	1161	13060	11900	2.84e-172	610
nheA_NZ_CM000745.1:1686182-1687342	PS00505_93235	76.405	1174	251	23	1	1161	20347	19187	2.84e-172	610
nheA_NZ_CM000745.1:1686182-1687342	PS00471_76232	76.405	1174	251	21	1	1161	2884	4044	2.84e-172	610
nheA_NZ_CM000745.1:1686182-1687342	PS00455_70089	76.385	1173	253	21	1	1161	116579	115419	2.84e-172	610
nheA_NZ_CM000745.1:1686182-1687342	PS00426_41209	76.405	1174	251	23	1	1161	2737	3897	2.84e-172	610
nheA_NZ_CM000745.1:1686182-1687342	PS00420_35188	76.405	1174	251	23	1	1161	182993	181833	2.84e-172	610
nheA_NZ_CM000745.1:1686182-1687342	PS00418_35021	76.405	1174	251	22	1	1161	4102	2942	2.84e-172	610
nheA_NZ_CM000745.1:1686182-1687342	PS00150_17238	76.486	1178	243	27	1	1161	48718	47558	2.84e-172	610
nheA_NZ_CM000745.1:1686182-1687342	PS00096_6971	76.385	1173	253	21	1	1161	116663	115503	2.84e-172	610
nheA_NZ_CM000745.1:1686182-1687342	PS00083_3320	76.405	1174	251	21	1	1161	1077316	1078476	2.84e-172	610
nheA_NZ_CM000745.1:1686182-1687342	PS00052_2169	76.305	1169	261	14	1	1161	121368	120208	2.84e-172	610
nheA_NZ_CM000745.1:1686182-1687342	PS00564_126736	76.280	1172	256	21	1	1161	370	1530	1.32e-170	604
nheA_NZ_CM000745.1:1686182-1687342	PS00159_18765	76.340	1175	250	26	1	1161	527172	526012	1.32e-170	604
nheA_NZ_CM000745.1:1686182-1687342	PS00050_1976	76.340	1175	250	23	1	1161	164788	165948	1.32e-170	604
nheA_NZ_CM000745.1:1686182-1687342	PS00953_175894	76.235	1174	253	24	1	1161	10417	9257	6.14e-169	599
nheA_NZ_CM000745.1:1686182-1687342	PS00923_174186	76.255	1175	251	26	1	1161	4424	3264	6.14e-169	599
nheA_NZ_CM000745.1:1686182-1687342	PS00920_171867	76.255	1175	251	26	1	1161	4628	3468	6.14e-169	599
nheA_NZ_CM000745.1:1686182-1687342	PS00918_170731	76.255	1175	251	26	1	1161	4882	3722	6.14e-169	599
nheA_NZ_CM000745.1:1686182-1687342	PS00917_170211	76.255	1175	251	26	1	1161	4569	3409	6.14e-169	599
nheA_NZ_CM000745.1:1686182-1687342	PS00916_169435	76.255	1175	251	26	1	1161	4457	3297	6.14e-169	599
nheA_NZ_CM000745.1:1686182-1687342	PS00915_167862	76.255	1175	251	26	1	1161	3793	2633	6.14e-169	599
nheA_NZ_CM000745.1:1686182-1687342	PS00912_166869	76.255	1175	251	26	1	1161	30069	28909	6.14e-169	599
nheA_NZ_CM000745.1:1686182-1687342	PS00911_166556	76.255	1175	251	26	1	1161	15633	16793	6.14e-169	599
nheA_NZ_CM000745.1:1686182-1687342	PS00554_122688	76.215	1173	255	23	1	1161	4042	5202	6.14e-169	599
nheA_NZ_CM000745.1:1686182-1687342	PS00483_82745	76.215	1173	255	23	1	1161	4052	5212	6.14e-169	599
nheA_NZ_CM000745.1:1686182-1687342	PS00463_71730	76.255	1175	251	25	1	1161	990063	988903	6.14e-169	599
nheA_NZ_CM000745.1:1686182-1687342	PS00429_44194	76.235	1174	253	21	1	1161	2952	1792	6.14e-169	599
nheA_NZ_CM000745.1:1686182-1687342	PS00422_35623	76.235	1174	253	21	1	1161	6968	8128	6.14e-169	599
nheA_NZ_CM000745.1:1686182-1687342	PS00153_18252	76.255	1175	251	26	1	1161	198961	200121	6.14e-169	599
nheA_NZ_CM000745.1:1686182-1687342	PS00149_17145	76.255	1175	251	26	1	1161	473	1633	6.14e-169	599
nheA_NZ_CM000745.1:1686182-1687342	PS00147_16688	76.255	1175	251	26	1	1161	4628	3468	6.14e-169	599
nheA_NZ_CM000745.1:1686182-1687342	PS00115_10861	76.235	1174	253	24	1	1161	306	1466	6.14e-169	599
nheA_NZ_CM000745.1:1686182-1687342	PS00110_8987	76.255	1175	251	26	1	1161	4841	3681	6.14e-169	599
nheA_NZ_CM000745.1:1686182-1687342	PS00106_8583	76.255	1175	251	26	1	1161	1057666	1058826	6.14e-169	599
nheA_NZ_CM000745.1:1686182-1687342	PS00101_7802	76.255	1175	251	26	1	1161	15211	16371	6.14e-169	599
nheA_NZ_CM000745.1:1686182-1687342	PS00097_7073	76.235	1174	253	24	1	1161	41712	42872	6.14e-169	599
nheA_NZ_CM000745.1:1686182-1687342	PS00095_6518	76.255	1175	251	26	1	1161	340	1500	6.14e-169	599
nheA_NZ_CM000745.1:1686182-1687342	PS00092_5902	76.255	1175	251	26	1	1161	145601	144441	6.14e-169	599
nheA_NZ_CM000745.1:1686182-1687342	PS00078_2662	76.255	1175	251	26	1	1161	4865	3705	6.14e-169	599
nheA_NZ_CM000745.1:1686182-1687342	PS00793_161046	76.170	1175	252	25	1	1161	48149	49309	2.86e-167	593
nheA_NZ_CM000745.1:1686182-1687342	PS00643_159793	76.170	1175	252	25	1	1161	4070	5230	2.86e-167	593
nheA_NZ_CM000745.1:1686182-1687342	PS00566_129051	76.170	1175	252	25	1	1161	4047074	4045914	2.86e-167	593
nheA_NZ_CM000745.1:1686182-1687342	PS00565_128163	76.170	1175	252	25	1	1161	4062	5222	2.86e-167	593
nheA_NZ_CM000745.1:1686182-1687342	PS00506_93833	76.170	1175	252	25	1	1161	4067	5227	2.86e-167	593
nheA_NZ_CM000745.1:1686182-1687342	PS00491_85792	76.170	1175	252	25	1	1161	5595	4435	2.86e-167	593
nheA_NZ_CM000745.1:1686182-1687342	PS00414_31944	76.170	1175	252	25	1	1161	3079	4239	2.86e-167	593
nheA_NZ_CM000745.1:1686182-1687342	PS00138_15369	76.170	1175	252	23	1	1161	63787	64947	2.86e-167	593
nheA_NZ_CM000745.1:1686182-1687342	PS00108_8699	76.170	1175	252	25	1	1161	12074	10914	2.86e-167	593
nheA_NZ_CM000745.1:1686182-1687342	PS00103_8156	76.170	1175	252	25	1	1161	5714	4554	2.86e-167	593
nheA_NZ_CM000745.1:1686182-1687342	PS00914_167567	76.105	1176	251	26	1	1161	37001	35841	1.33e-165	588
nheA_NZ_CM000745.1:1686182-1687342	PS00810_165307	76.085	1175	253	25	1	1161	123777	124937	1.33e-165	588
nheA_NZ_CM000745.1:1686182-1687342	PS00807_164367	76.044	1173	257	23	1	1161	13503	12343	1.33e-165	588
nheA_NZ_CM000745.1:1686182-1687342	PS00799_163290	76.044	1173	257	23	1	1161	48328	47168	1.33e-165	588
nheA_NZ_CM000745.1:1686182-1687342	PS00795_161330	76.085	1175	253	25	1	1161	6240	5080	1.33e-165	588
nheA_NZ_CM000745.1:1686182-1687342	PS00769_160150	76.044	1173	257	23	1	1161	3488	2328	1.33e-165	588
nheA_NZ_CM000745.1:1686182-1687342	PS00642_155320	76.044	1173	257	23	1	1161	148120	149280	1.33e-165	588
nheA_NZ_CM000745.1:1686182-1687342	PS00641_155148	76.085	1175	253	25	1	1161	134454	133294	1.33e-165	588
nheA_NZ_CM000745.1:1686182-1687342	PS00638_147381	76.044	1173	257	23	1	1161	46823	45663	1.33e-165	588
nheA_NZ_CM000745.1:1686182-1687342	PS00572_132397	76.044	1173	257	23	1	1161	368	1528	1.33e-165	588
nheA_NZ_CM000745.1:1686182-1687342	PS00567_129161	76.085	1175	253	25	1	1161	7030	8190	1.33e-165	588
nheA_NZ_CM000745.1:1686182-1687342	PS00562_125784	76.044	1173	257	23	1	1161	3931	2771	1.33e-165	588
nheA_NZ_CM000745.1:1686182-1687342	PS00557_124252	76.085	1175	253	25	1	1161	238946	237786	1.33e-165	588
nheA_NZ_CM000745.1:1686182-1687342	PS00542_115207	76.085	1175	253	25	1	1161	2516	1356	1.33e-165	588
nheA_NZ_CM000745.1:1686182-1687342	PS00516_98447	76.044	1173	257	23	1	1161	5884	4724	1.33e-165	588
nheA_NZ_CM000745.1:1686182-1687342	PS00151_17572	76.105	1176	251	26	1	1161	4593	3433	1.33e-165	588
nheA_NZ_CM000745.1:1686182-1687342	PS00120_11805	76.105	1176	251	26	1	1161	216999	215839	1.33e-165	588
nheA_NZ_CM000745.1:1686182-1687342	PS00094_6157	76.085	1175	253	25	1	1161	570377	571537	1.33e-165	588
nheA_NZ_CM000745.1:1686182-1687342	PS00809_164817	75.959	1173	258	23	1	1161	34310	35470	6.18e-164	582
nheA_NZ_CM000745.1:1686182-1687342	PS00798_162634	75.959	1173	258	23	1	1161	5180	6340	6.18e-164	582
nheA_NZ_CM000745.1:1686182-1687342	PS00792_160594	75.959	1173	258	23	1	1161	7020	8180	6.18e-164	582
nheA_NZ_CM000745.1:1686182-1687342	PS00789_160313	75.959	1173	258	23	1	1161	13628	12468	6.18e-164	582
nheA_NZ_CM000745.1:1686182-1687342	PS00640_154654	76.000	1175	254	25	1	1161	3770	4930	6.18e-164	582
nheA_NZ_CM000745.1:1686182-1687342	PS00620_147295	75.959	1173	258	23	1	1161	856452	857612	6.18e-164	582
nheA_NZ_CM000745.1:1686182-1687342	PS00619_147138	75.959	1173	258	23	1	1161	16681	17841	6.18e-164	582
nheA_NZ_CM000745.1:1686182-1687342	PS00591_143170	75.959	1173	258	23	1	1161	554	1714	6.18e-164	582
nheA_NZ_CM000745.1:1686182-1687342	PS00560_124644	75.959	1173	258	23	1	1161	42546	41386	6.18e-164	582
nheA_NZ_CM000745.1:1686182-1687342	PS00558_124443	76.000	1175	254	25	1	1161	2982	1822	6.18e-164	582
nheA_NZ_CM000745.1:1686182-1687342	PS00552_122037	75.959	1173	258	23	1	1161	268	1428	6.18e-164	582
nheA_NZ_CM000745.1:1686182-1687342	PS00545_117767	75.959	1173	258	23	1	1161	38555	37395	6.18e-164	582
nheA_NZ_CM000745.1:1686182-1687342	PS00441_63700	75.918	1171	262	19	1	1161	203621	202461	6.18e-164	582
nheA_NZ_CM000745.1:1686182-1687342	PS00430_46096	75.918	1171	262	19	1	1161	33683	32523	6.18e-164	582
nheA_NZ_CM000745.1:1686182-1687342	PS00401_25761	75.918	1171	262	19	1	1161	561628	560468	6.18e-164	582
nheA_NZ_CM000745.1:1686182-1687342	PS00400_25563	75.918	1171	262	19	1	1161	3145	4305	6.18e-164	582
nheA_NZ_CM000745.1:1686182-1687342	PS00397_23759	75.918	1171	262	19	1	1161	22690	21530	6.18e-164	582
nheA_NZ_CM000745.1:1686182-1687342	PS00091_5804	75.959	1173	258	23	1	1161	75827	76987	6.18e-164	582
nheA_NZ_CM000745.1:1686182-1687342	PS00079_2887	75.959	1173	258	23	1	1161	4349010	4350170	6.18e-164	582
nheA_NZ_CM000745.1:1686182-1687342	PS00514_97394	77.584	977	207	12	1	971	1061	91	2.22e-163	580
nheA_NZ_CM000745.1:1686182-1687342	PS00487_83844	75.833	1171	263	19	1	1161	468	1628	2.88e-162	577
nheA_NZ_CM000745.1:1686182-1687342	PS00447_67448	75.894	1174	257	23	1	1161	61507	62667	2.88e-162	577
nheA_NZ_CM000745.1:1686182-1687342	PS00543_115728	75.703	1173	261	22	1	1161	7010	8170	6.23e-159	566
nheA_NZ_CM000745.1:1686182-1687342	PS00561_125494	77.245	980	205	17	1	971	1085	115	1.04e-156	558
nheA_NZ_CM000745.1:1686182-1687342	PS00544_117390	77.277	977	204	17	1	968	260	1227	1.04e-156	558
nheA_NZ_CM000745.1:1686182-1687342	PS00570_130781	77.143	980	206	17	1	971	1105	135	4.85e-155	553
nheA_NZ_CM000745.1:1686182-1687342	PS00423_37722	77.017	979	209	15	1	971	1099	129	2.26e-153	547
# BLASTN 2.16.0+
# Query: nheA_NZ_JAUCFS010000005.1:1723688-1724848
# Database: /workdir/crp86/bc/bc_contigs.fasta
# Fields: query acc.ver, subject acc.ver, % identity, alignment length, mismatches, gap opens, q. start, q. end, s. start, s. end, evalue, bit score
# 247 hits found
nheA_NZ_JAUCFS010000005.1:1723688-1724848	PS00481_81714	100.000	1161	0	0	1	1161	15910	14750	0.0	2145
nheA_NZ_JAUCFS010000005.1:1723688-1724848	PS00482_82328	98.363	1161	19	0	1	1161	1952	792	0.0	2039
nheA_NZ_JAUCFS010000005.1:1723688-1724848	PS00466_72603	97.847	1161	25	0	1	1161	257	1417	0.0	2006
nheA_NZ_JAUCFS010000005.1:1723688-1724848	PS00049_1817	95.866	1161	48	0	1	1161	219570	220730	0.0	1879
nheA_NZ_JAUCFS010000005.1:1723688-1724848	PS00215_22110	95.439	1162	51	2	1	1161	1618335	1617175	0.0	1851
nheA_NZ_JAUCFS010000005.1:1723688-1724848	PS00953_175894	95.263	1161	55	0	1	1161	10417	9257	0.0	1840
nheA_NZ_JAUCFS010000005.1:1723688-1724848	PS00190_20695	95.267	1162	53	2	1	1161	88463	87303	0.0	1840
nheA_NZ_JAUCFS010000005.1:1723688-1724848	PS00159_18765	95.263	1161	55	0	1	1161	527172	526012	0.0	1840
nheA_NZ_JAUCFS010000005.1:1723688-1724848	PS00115_10861	95.263	1161	55	0	1	1161	306	1466	0.0	1840
nheA_NZ_JAUCFS010000005.1:1723688-1724848	PS00097_7073	95.263	1161	55	0	1	1161	41712	42872	0.0	1840
nheA_NZ_JAUCFS010000005.1:1723688-1724848	PS00923_174186	95.177	1161	56	0	1	1161	4424	3264	0.0	1834
nheA_NZ_JAUCFS010000005.1:1723688-1724848	PS00918_170731	95.177	1161	56	0	1	1161	4882	3722	0.0	1834
nheA_NZ_JAUCFS010000005.1:1723688-1724848	PS00917_170211	95.177	1161	56	0	1	1161	4569	3409	0.0	1834
nheA_NZ_JAUCFS010000005.1:1723688-1724848	PS00916_169435	95.177	1161	56	0	1	1161	4457	3297	0.0	1834
nheA_NZ_JAUCFS010000005.1:1723688-1724848	PS00915_167862	95.177	1161	56	0	1	1161	3793	2633	0.0	1834
nheA_NZ_JAUCFS010000005.1:1723688-1724848	PS00912_166869	95.177	1161	56	0	1	1161	30069	28909	0.0	1834
nheA_NZ_JAUCFS010000005.1:1723688-1724848	PS00911_166556	95.177	1161	56	0	1	1161	15633	16793	0.0	1834
nheA_NZ_JAUCFS010000005.1:1723688-1724848	PS00153_18252	95.177	1161	56	0	1	1161	198961	200121	0.0	1834
nheA_NZ_JAUCFS010000005.1:1723688-1724848	PS00149_17145	95.177	1161	56	0	1	1161	473	1633	0.0	1834
nheA_NZ_JAUCFS010000005.1:1723688-1724848	PS00147_16688	95.177	1161	56	0	1	1161	4628	3468	0.0	1834
nheA_NZ_JAUCFS010000005.1:1723688-1724848	PS00110_8987	95.177	1161	56	0	1	1161	4841	3681	0.0	1834
nheA_NZ_JAUCFS010000005.1:1723688-1724848	PS00106_8583	95.177	1161	56	0	1	1161	1057666	1058826	0.0	1834
nheA_NZ_JAUCFS010000005.1:1723688-1724848	PS00101_7802	95.177	1161	56	0	1	1161	15211	16371	0.0	1834
nheA_NZ_JAUCFS010000005.1:1723688-1724848	PS00095_6518	95.177	1161	56	0	1	1161	340	1500	0.0	1834
nheA_NZ_JAUCFS010000005.1:1723688-1724848	PS00092_5902	95.177	1161	56	0	1	1161	145601	144441	0.0	1834
nheA_NZ_JAUCFS010000005.1:1723688-1724848	PS00078_2662	95.177	1161	56	0	1	1161	4865	3705	0.0	1834
nheA_NZ_JAUCFS010000005.1:1723688-1724848	PS00924_175533	95.095	1162	55	2	1	1161	832835	833995	0.0	1829
nheA_NZ_JAUCFS010000005.1:1723688-1724848	PS00921_172158	95.095	1162	55	2	1	1161	832832	833992	0.0	1829
nheA_NZ_JAUCFS010000005.1:1723688-1724848	PS00920_171867	95.090	1161	57	0	1	1161	4628	3468	0.0	1829
nheA_NZ_JAUCFS010000005.1:1723688-1724848	PS00492_87222	95.090	1161	57	0	1	1161	3928	2768	0.0	1829
nheA_NZ_JAUCFS010000005.1:1723688-1724848	PS00489_85491	95.090	1161	57	0	1	1161	3928	2768	0.0	1829
nheA_NZ_JAUCFS010000005.1:1723688-1724848	PS00913_167122	94.923	1162	57	2	1	1161	559	1719	0.0	1818
nheA_NZ_JAUCFS010000005.1:1723688-1724848	PS00207_21913	94.923	1162	57	2	1	1161	137153	135993	0.0	1818
nheA_NZ_JAUCFS010000005.1:1723688-1724848	PS00165_19548	94.923	1162	57	2	1	1161	122323	121163	0.0	1818
nheA_NZ_JAUCFS010000005.1:1723688-1724848	PS00145_16325	94.923	1162	57	2	1	1161	71577	70417	0.0	1818
nheA_NZ_JAUCFS010000005.1:1723688-1724848	PS00119_11632	94.923	1162	57	2	1	1161	4878	3718	0.0	1818
nheA_NZ_JAUCFS010000005.1:1723688-1724848	PS00142_15781	94.836	1162	58	2	1	1161	13367	12207	0.0	1812
nheA_NZ_JAUCFS010000005.1:1723688-1724848	PS00111_9237	94.836	1162	58	2	1	1161	9313	10473	0.0	1812
nheA_NZ_JAUCFS010000005.1:1723688-1724848	PS00919_171381	94.750	1162	59	2	1	1161	3775	2615	0.0	1807
nheA_NZ_JAUCFS010000005.1:1723688-1724848	PS00797_161991	94.750	1162	59	2	1	1161	319	1479	0.0	1807
nheA_NZ_JAUCFS010000005.1:1723688-1724848	PS00220_23608	94.750	1162	59	2	1	1161	368138	369298	0.0	1807
nheA_NZ_JAUCFS010000005.1:1723688-1724848	PS00112_9739	94.746	1161	61	0	1	1161	78670	79830	0.0	1807
nheA_NZ_JAUCFS010000005.1:1723688-1724848	PS00105_8511	94.750	1162	59	2	1	1161	20711	21871	0.0	1807
nheA_NZ_JAUCFS010000005.1:1723688-1724848	PS00081_2890	94.750	1162	59	2	1	1161	302940	301780	0.0	1807
nheA_NZ_JAUCFS010000005.1:1723688-1724848	PS00590_141515	94.664	1162	60	2	1	1161	40690	41850	0.0	1801
nheA_NZ_JAUCFS010000005.1:1723688-1724848	PS00452_69138	94.664	1162	60	2	1	1161	35225	36385	0.0	1801
nheA_NZ_JAUCFS010000005.1:1723688-1724848	PS00208_22025	94.664	1162	60	2	1	1161	1011104	1012264	0.0	1801
nheA_NZ_JAUCFS010000005.1:1723688-1724848	PS00107_8670	94.664	1162	60	2	1	1161	1672354	1673514	0.0	1801
nheA_NZ_JAUCFS010000005.1:1723688-1724848	PS00090_5421	94.664	1162	60	2	1	1161	10026	8866	0.0	1801
nheA_NZ_JAUCFS010000005.1:1723688-1724848	PS00086_4143	94.664	1162	60	2	1	1161	8528	7368	0.0	1801
nheA_NZ_JAUCFS010000005.1:1723688-1724848	PS00040_348	94.664	1162	60	2	1	1161	223797	224957	0.0	1801
nheA_NZ_JAUCFS010000005.1:1723688-1724848	PS00039_236	94.664	1162	60	2	1	1161	215205	216365	0.0	1801
nheA_NZ_JAUCFS010000005.1:1723688-1724848	PS00023_92	94.664	1162	60	2	1	1161	1765215	1766375	0.0	1801
nheA_NZ_JAUCFS010000005.1:1723688-1724848	PS00910_166186	94.578	1162	61	2	1	1161	194501	193341	0.0	1796
nheA_NZ_JAUCFS010000005.1:1723688-1724848	PS00547_119937	94.578	1162	61	2	1	1161	2890	1730	0.0	1796
nheA_NZ_JAUCFS010000005.1:1723688-1724848	PS00526_106985	94.578	1162	61	2	1	1161	3085	4245	0.0	1796
nheA_NZ_JAUCFS010000005.1:1723688-1724848	PS00462_71467	94.578	1162	61	2	1	1161	102737	103897	0.0	1796
nheA_NZ_JAUCFS010000005.1:1723688-1724848	PS00444_65313	94.578	1162	61	2	1	1161	68311	69471	0.0	1796
nheA_NZ_JAUCFS010000005.1:1723688-1724848	PS00197_21622	94.578	1162	61	2	1	1161	16654	15494	0.0	1796
nheA_NZ_JAUCFS010000005.1:1723688-1724848	PS00191_20807	94.578	1162	61	2	1	1161	57509	58669	0.0	1796
nheA_NZ_JAUCFS010000005.1:1723688-1724848	PS00189_20311	94.578	1162	61	2	1	1161	265	1425	0.0	1796
nheA_NZ_JAUCFS010000005.1:1723688-1724848	PS00185_20012	94.578	1162	61	2	1	1161	96401	97561	0.0	1796
nheA_NZ_JAUCFS010000005.1:1723688-1724848	PS00163_19407	94.578	1162	61	2	1	1161	401132	402292	0.0	1796
nheA_NZ_JAUCFS010000005.1:1723688-1724848	PS00152_17926	94.578	1162	61	2	1	1161	9999	8839	0.0	1796
nheA_NZ_JAUCFS010000005.1:1723688-1724848	PS00143_16140	94.578	1162	61	2	1	1161	26608	25448	0.0	1796
nheA_NZ_JAUCFS010000005.1:1723688-1724848	PS00121_12081	94.578	1162	61	2	1	1161	280	1440	0.0	1796
nheA_NZ_JAUCFS010000005.1:1723688-1724848	PS00114_10291	94.578	1162	61	2	1	1161	35893	37053	0.0	1796
nheA_NZ_JAUCFS010000005.1:1723688-1724848	PS00922_172787	94.492	1162	62	2	1	1161	4461	3301	0.0	1790
nheA_NZ_JAUCFS010000005.1:1723688-1724848	PS00807_164367	94.488	1161	64	0	1	1161	13503	12343	0.0	1790
nheA_NZ_JAUCFS010000005.1:1723688-1724848	PS00795_161330	94.492	1162	62	2	1	1161	6240	5080	0.0	1790
nheA_NZ_JAUCFS010000005.1:1723688-1724848	PS00642_155320	94.488	1161	64	0	1	1161	148120	149280	0.0	1790
nheA_NZ_JAUCFS010000005.1:1723688-1724848	PS00638_147381	94.488	1161	64	0	1	1161	46823	45663	0.0	1790
nheA_NZ_JAUCFS010000005.1:1723688-1724848	PS00569_129511	94.488	1161	64	0	1	1161	70212	71372	0.0	1790
nheA_NZ_JAUCFS010000005.1:1723688-1724848	PS00558_124443	94.492	1162	62	2	1	1161	2982	1822	0.0	1790
nheA_NZ_JAUCFS010000005.1:1723688-1724848	PS00516_98447	94.488	1161	64	0	1	1161	5884	4724	0.0	1790
nheA_NZ_JAUCFS010000005.1:1723688-1724848	PS00170_19716	94.488	1161	64	0	1	1161	245582	244422	0.0	1790
nheA_NZ_JAUCFS010000005.1:1723688-1724848	PS00124_13092	94.492	1162	62	2	1	1161	4645	3485	0.0	1790
nheA_NZ_JAUCFS010000005.1:1723688-1724848	PS00085_3551	94.492	1162	62	2	1	1161	20560	19400	0.0	1790
nheA_NZ_JAUCFS010000005.1:1723688-1724848	PS00810_165307	94.406	1162	63	2	1	1161	123777	124937	0.0	1784
nheA_NZ_JAUCFS010000005.1:1723688-1724848	PS00799_163290	94.401	1161	65	0	1	1161	48328	47168	0.0	1784
nheA_NZ_JAUCFS010000005.1:1723688-1724848	PS00769_160150	94.401	1161	65	0	1	1161	3488	2328	0.0	1784
nheA_NZ_JAUCFS010000005.1:1723688-1724848	PS00641_155148	94.406	1162	63	2	1	1161	134454	133294	0.0	1784
nheA_NZ_JAUCFS010000005.1:1723688-1724848	PS00597_143773	94.406	1162	63	2	1	1161	505	1665	0.0	1784
nheA_NZ_JAUCFS010000005.1:1723688-1724848	PS00572_132397	94.401	1161	65	0	1	1161	368	1528	0.0	1784
nheA_NZ_JAUCFS010000005.1:1723688-1724848	PS00567_129161	94.406	1162	63	2	1	1161	7030	8190	0.0	1784
nheA_NZ_JAUCFS010000005.1:1723688-1724848	PS00562_125784	94.401	1161	65	0	1	1161	3931	2771	0.0	1784
nheA_NZ_JAUCFS010000005.1:1723688-1724848	PS00557_124252	94.406	1162	63	2	1	1161	238946	237786	0.0	1784
nheA_NZ_JAUCFS010000005.1:1723688-1724848	PS00542_115207	94.406	1162	63	2	1	1161	2516	1356	0.0	1784
nheA_NZ_JAUCFS010000005.1:1723688-1724848	PS00434_51317	94.406	1162	63	2	1	1161	3469	2309	0.0	1784
nheA_NZ_JAUCFS010000005.1:1723688-1724848	PS00131_14502	94.406	1162	63	2	1	1161	68492	69652	0.0	1784
nheA_NZ_JAUCFS010000005.1:1723688-1724848	PS00094_6157	94.406	1162	63	2	1	1161	570377	571537	0.0	1784
nheA_NZ_JAUCFS010000005.1:1723688-1724848	PS00045_1371	94.406	1162	63	2	1	1161	296482	297642	0.0	1784
nheA_NZ_JAUCFS010000005.1:1723688-1724848	PS00044_1295	94.401	1161	65	0	1	1161	74694	73534	0.0	1784
nheA_NZ_JAUCFS010000005.1:1723688-1724848	PS00809_164817	94.315	1161	66	0	1	1161	34310	35470	0.0	1779
nheA_NZ_JAUCFS010000005.1:1723688-1724848	PS00798_162634	94.315	1161	66	0	1	1161	5180	6340	0.0	1779
nheA_NZ_JAUCFS010000005.1:1723688-1724848	PS00793_161046	94.320	1162	64	2	1	1161	48149	49309	0.0	1779
nheA_NZ_JAUCFS010000005.1:1723688-1724848	PS00792_160594	94.315	1161	66	0	1	1161	7020	8180	0.0	1779
nheA_NZ_JAUCFS010000005.1:1723688-1724848	PS00789_160313	94.315	1161	66	0	1	1161	13628	12468	0.0	1779
nheA_NZ_JAUCFS010000005.1:1723688-1724848	PS00643_159793	94.320	1162	64	2	1	1161	4070	5230	0.0	1779
nheA_NZ_JAUCFS010000005.1:1723688-1724848	PS00640_154654	94.320	1162	64	2	1	1161	3770	4930	0.0	1779
nheA_NZ_JAUCFS010000005.1:1723688-1724848	PS00620_147295	94.315	1161	66	0	1	1161	856452	857612	0.0	1779
nheA_NZ_JAUCFS010000005.1:1723688-1724848	PS00619_147138	94.315	1161	66	0	1	1161	16681	17841	0.0	1779
nheA_NZ_JAUCFS010000005.1:1723688-1724848	PS00591_143170	94.315	1161	66	0	1	1161	554	1714	0.0	1779
nheA_NZ_JAUCFS010000005.1:1723688-1724848	PS00566_129051	94.320	1162	64	2	1	1161	4047074	4045914	0.0	1779
nheA_NZ_JAUCFS010000005.1:1723688-1724848	PS00565_128163	94.320	1162	64	2	1	1161	4062	5222	0.0	1779
nheA_NZ_JAUCFS010000005.1:1723688-1724848	PS00560_124644	94.315	1161	66	0	1	1161	42546	41386	0.0	1779
nheA_NZ_JAUCFS010000005.1:1723688-1724848	PS00552_122037	94.315	1161	66	0	1	1161	268	1428	0.0	1779
nheA_NZ_JAUCFS010000005.1:1723688-1724848	PS00545_117767	94.315	1161	66	0	1	1161	38555	37395	0.0	1779
nheA_NZ_JAUCFS010000005.1:1723688-1724848	PS00491_85792	94.320	1162	64	2	1	1161	5595	4435	0.0	1779
nheA_NZ_JAUCFS010000005.1:1723688-1724848	PS00196_21240	94.320	1162	64	2	1	1161	31881	30721	0.0	1779
nheA_NZ_JAUCFS010000005.1:1723688-1724848	PS00103_8156	94.320	1162	64	2	1	1161	5714	4554	0.0	1779
nheA_NZ_JAUCFS010000005.1:1723688-1724848	PS00091_5804	94.315	1161	66	0	1	1161	75827	76987	0.0	1779
nheA_NZ_JAUCFS010000005.1:1723688-1724848	PS00079_2887	94.315	1161	66	0	1	1161	4349010	4350170	0.0	1779
nheA_NZ_JAUCFS010000005.1:1723688-1724848	PS00493_87630	94.234	1162	65	2	1	1161	3781	2621	0.0	1773
nheA_NZ_JAUCFS010000005.1:1723688-1724848	PS00459_70655	94.234	1162	65	2	1	1161	5680	4520	0.0	1773
nheA_NZ_JAUCFS010000005.1:1723688-1724848	PS00431_46402	94.234	1162	65	2	1	1161	72193	73353	0.0	1773
nheA_NZ_JAUCFS010000005.1:1723688-1724848	PS00425_40171	94.234	1162	65	2	1	1161	3795	2635	0.0	1773
nheA_NZ_JAUCFS010000005.1:1723688-1724848	PS00144_16237	94.234	1162	65	2	1	1161	72066	73226	0.0	1773
nheA_NZ_JAUCFS010000005.1:1723688-1724848	PS00087_4730	94.234	1162	65	2	1	1161	58226	59386	0.0	1773
nheA_NZ_JAUCFS010000005.1:1723688-1724848	PS00042_764	94.234	1162	65	2	1	1161	293	1453	0.0	1773
nheA_NZ_JAUCFS010000005.1:1723688-1724848	PS00579_136626	94.148	1162	66	2	1	1161	5181	6341	0.0	1768
nheA_NZ_JAUCFS010000005.1:1723688-1724848	PS00555_123896	94.148	1162	66	2	1	1161	246485	247645	0.0	1768
nheA_NZ_JAUCFS010000005.1:1723688-1724848	PS00511_95367	94.148	1162	66	2	1	1161	6016	4856	0.0	1768
nheA_NZ_JAUCFS010000005.1:1723688-1724848	PS00429_44194	94.148	1162	66	2	1	1161	2952	1792	0.0	1768
nheA_NZ_JAUCFS010000005.1:1723688-1724848	PS00427_42571	94.148	1162	66	2	1	1161	3525	2365	0.0	1768
nheA_NZ_JAUCFS010000005.1:1723688-1724848	PS00424_39745	94.148	1162	66	2	1	1161	26215	25055	0.0	1768
nheA_NZ_JAUCFS010000005.1:1723688-1724848	PS00422_35623	94.148	1162	66	2	1	1161	6968	8128	0.0	1768
nheA_NZ_JAUCFS010000005.1:1723688-1724848	PS00412_30078	94.148	1162	66	2	1	1161	77353	76193	0.0	1768
nheA_NZ_JAUCFS010000005.1:1723688-1724848	PS00411_29495	94.148	1162	66	2	1	1161	77353	76193	0.0	1768
nheA_NZ_JAUCFS010000005.1:1723688-1724848	PS00410_29050	94.148	1162	66	2	1	1161	77353	76193	0.0	1768
nheA_NZ_JAUCFS010000005.1:1723688-1724848	PS00409_26418	94.148	1162	66	2	1	1161	2955	1795	0.0	1768
nheA_NZ_JAUCFS010000005.1:1723688-1724848	PS00132_14606	94.143	1161	68	0	1	1161	192237	191077	0.0	1768
nheA_NZ_JAUCFS010000005.1:1723688-1724848	PS00649_159989	94.062	1162	67	2	1	1161	28975	27815	0.0	1762
nheA_NZ_JAUCFS010000005.1:1723688-1724848	PS00512_96068	94.062	1162	67	2	1	1161	153319	154479	0.0	1762
nheA_NZ_JAUCFS010000005.1:1723688-1724848	PS00504_91916	94.062	1162	67	2	1	1161	4119	2959	0.0	1762
nheA_NZ_JAUCFS010000005.1:1723688-1724848	PS00451_67950	94.062	1162	67	2	1	1161	2933	1773	0.0	1762
nheA_NZ_JAUCFS010000005.1:1723688-1724848	PS00413_30727	94.062	1162	67	2	1	1161	211	1371	0.0	1762
nheA_NZ_JAUCFS010000005.1:1723688-1724848	PS00141_15427	94.062	1162	67	2	1	1161	211421	210261	0.0	1762
nheA_NZ_JAUCFS010000005.1:1723688-1724848	PS00122_12214	94.062	1162	67	2	1	1161	34965	33805	0.0	1762
nheA_NZ_JAUCFS010000005.1:1723688-1724848	PS00100_7216	94.062	1162	67	2	1	1161	18618	17458	0.0	1762
nheA_NZ_JAUCFS010000005.1:1723688-1724848	PS00914_167567	93.976	1162	68	2	1	1161	37001	35841	0.0	1757
nheA_NZ_JAUCFS010000005.1:1723688-1724848	PS00151_17572	93.976	1162	68	2	1	1161	4593	3433	0.0	1757
nheA_NZ_JAUCFS010000005.1:1723688-1724848	PS00120_11805	93.976	1162	68	2	1	1161	216999	215839	0.0	1757
nheA_NZ_JAUCFS010000005.1:1723688-1724848	PS00518_100913	93.890	1162	69	2	1	1161	4460	3300	0.0	1751
nheA_NZ_JAUCFS010000005.1:1723688-1724848	PS00517_98958	93.890	1162	69	2	1	1161	3227	2067	0.0	1751
nheA_NZ_JAUCFS010000005.1:1723688-1724848	PS00471_76232	93.890	1162	69	2	1	1161	2884	4044	0.0	1751
nheA_NZ_JAUCFS010000005.1:1723688-1724848	PS00083_3320	93.890	1162	69	2	1	1161	1077316	1078476	0.0	1751
nheA_NZ_JAUCFS010000005.1:1723688-1724848	PS00546_118033	93.718	1162	71	2	1	1161	5282	6442	0.0	1740
nheA_NZ_JAUCFS010000005.1:1723688-1724848	PS00506_93833	93.718	1162	71	2	1	1161	4067	5227	0.0	1740
nheA_NZ_JAUCFS010000005.1:1723688-1724848	PS00505_93235	93.718	1162	71	2	1	1161	20347	19187	0.0	1740
nheA_NZ_JAUCFS010000005.1:1723688-1724848	PS00426_41209	93.718	1162	71	2	1	1161	2737	3897	0.0	1740
nheA_NZ_JAUCFS010000005.1:1723688-1724848	PS00420_35188	93.718	1162	71	2	1	1161	182993	181833	0.0	1740
nheA_NZ_JAUCFS010000005.1:1723688-1724848	PS00468_74796	93.648	1165	70	3	1	1161	4186	5350	0.0	1738
nheA_NZ_JAUCFS010000005.1:1723688-1724848	PS00417_34902	93.540	1161	75	0	1	1161	817422	818582	0.0	1729
nheA_NZ_JAUCFS010000005.1:1723688-1724848	PS00414_31944	93.546	1162	73	2	1	1161	3079	4239	0.0	1729
nheA_NZ_JAUCFS010000005.1:1723688-1724848	PS00108_8699	93.546	1162	73	2	1	1161	12074	10914	0.0	1729
nheA_NZ_JAUCFS010000005.1:1723688-1724848	PS00554_122688	93.454	1161	76	0	1	1161	4042	5202	0.0	1724
nheA_NZ_JAUCFS010000005.1:1723688-1724848	PS00483_82745	93.454	1161	76	0	1	1161	4052	5212	0.0	1724
nheA_NZ_JAUCFS010000005.1:1723688-1724848	PS00564_126736	93.368	1161	77	0	1	1161	370	1530	0.0	1718
nheA_NZ_JAUCFS010000005.1:1723688-1724848	PS00474_77084	93.373	1162	75	2	1	1161	19562	18402	0.0	1718
nheA_NZ_JAUCFS010000005.1:1723688-1724848	PS00418_35021	93.373	1162	75	2	1	1161	4102	2942	0.0	1718
nheA_NZ_JAUCFS010000005.1:1723688-1724848	PS00416_34548	93.368	1161	77	0	1	1161	15484	14324	0.0	1718
nheA_NZ_JAUCFS010000005.1:1723688-1724848	PS00162_19332	93.368	1161	77	0	1	1161	48704	47544	0.0	1718
nheA_NZ_JAUCFS010000005.1:1723688-1724848	PS00156_18488	93.368	1161	77	0	1	1161	48718	47558	0.0	1718
nheA_NZ_JAUCFS010000005.1:1723688-1724848	PS00154_18394	93.368	1161	77	0	1	1161	48522	47362	0.0	1718
nheA_NZ_JAUCFS010000005.1:1723688-1724848	PS00133_14714	93.368	1161	77	0	1	1161	176981	178141	0.0	1718
nheA_NZ_JAUCFS010000005.1:1723688-1724848	PS00130_14425	93.368	1161	77	0	1	1161	302339	303499	0.0	1718
nheA_NZ_JAUCFS010000005.1:1723688-1724848	PS00118_11527	93.368	1161	77	0	1	1161	48704	47544	0.0	1718
nheA_NZ_JAUCFS010000005.1:1723688-1724848	PS00113_9952	93.368	1161	77	0	1	1161	709186	710346	0.0	1718
nheA_NZ_JAUCFS010000005.1:1723688-1724848	PS00908_165847	93.282	1161	78	0	1	1161	26311	25151	0.0	1712
nheA_NZ_JAUCFS010000005.1:1723688-1724848	PS00457_70237	93.287	1162	76	2	1	1161	13363	12203	0.0	1712
nheA_NZ_JAUCFS010000005.1:1723688-1724848	PS00174_19912	93.282	1161	78	0	1	1161	179028	180188	0.0	1712
nheA_NZ_JAUCFS010000005.1:1723688-1724848	PS00164_19449	93.282	1161	78	0	1	1161	241270	240110	0.0	1712
nheA_NZ_JAUCFS010000005.1:1723688-1724848	PS00161_19036	93.287	1162	76	2	1	1161	1698	2858	0.0	1712
nheA_NZ_JAUCFS010000005.1:1723688-1724848	PS00150_17238	93.282	1161	78	0	1	1161	48718	47558	0.0	1712
nheA_NZ_JAUCFS010000005.1:1723688-1724848	PS00138_15369	93.287	1162	76	2	1	1161	63787	64947	0.0	1712
nheA_NZ_JAUCFS010000005.1:1723688-1724848	PS00104_8421	93.282	1161	78	0	1	1161	241256	240096	0.0	1712
nheA_NZ_JAUCFS010000005.1:1723688-1724848	PS00096_6971	93.287	1162	76	2	1	1161	116663	115503	0.0	1712
nheA_NZ_JAUCFS010000005.1:1723688-1724848	PS00088_5240	93.282	1161	78	0	1	1161	241271	240111	0.0	1712
nheA_NZ_JAUCFS010000005.1:1723688-1724848	PS00084_3406	93.282	1161	78	0	1	1161	178216	179376	0.0	1712
nheA_NZ_JAUCFS010000005.1:1723688-1724848	PS00009_2	93.282	1161	78	0	1	1161	48704	47544	0.0	1712
nheA_NZ_JAUCFS010000005.1:1723688-1724848	PS00576_133619	93.196	1161	79	0	1	1161	17645	16485	0.0	1707
nheA_NZ_JAUCFS010000005.1:1723688-1724848	PS00573_133236	93.196	1161	79	0	1	1161	10532	11692	0.0	1707
nheA_NZ_JAUCFS010000005.1:1723688-1724848	PS00455_70089	93.201	1162	77	2	1	1161	116579	115419	0.0	1707
nheA_NZ_JAUCFS010000005.1:1723688-1724848	PS00529_109741	93.109	1161	80	0	1	1161	272	1432	0.0	1701
nheA_NZ_JAUCFS010000005.1:1723688-1724848	PS00494_88571	93.115	1162	78	2	1	1161	6910	5750	0.0	1701
nheA_NZ_JAUCFS010000005.1:1723688-1724848	PS00470_75428	93.115	1162	78	2	1	1161	299	1459	0.0	1701
nheA_NZ_JAUCFS010000005.1:1723688-1724848	PS00469_74944	93.115	1162	78	2	1	1161	59047	57887	0.0	1701
nheA_NZ_JAUCFS010000005.1:1723688-1724848	PS00467_74011	93.115	1162	78	2	1	1161	241	1401	0.0	1701
nheA_NZ_JAUCFS010000005.1:1723688-1724848	PS00443_65176	93.115	1162	78	2	1	1161	12135	13295	0.0	1701
nheA_NZ_JAUCFS010000005.1:1723688-1724848	PS00435_56205	93.115	1162	78	2	1	1161	3135	4295	0.0	1701
nheA_NZ_JAUCFS010000005.1:1723688-1724848	PS00430_46096	93.109	1161	80	0	1	1161	33683	32523	0.0	1701
nheA_NZ_JAUCFS010000005.1:1723688-1724848	PS00082_2989	93.115	1162	78	2	1	1161	22941	21781	0.0	1701
nheA_NZ_JAUCFS010000005.1:1723688-1724848	PS00047_1612	93.109	1161	80	0	1	1161	37814	38974	0.0	1701
nheA_NZ_JAUCFS010000005.1:1723688-1724848	PS00036_102	93.115	1162	78	2	1	1161	44630	43470	0.0	1701
nheA_NZ_JAUCFS010000005.1:1723688-1724848	PS00012_90	93.115	1162	78	2	1	1161	1871468	1872628	0.0	1701
nheA_NZ_JAUCFS010000005.1:1723688-1724848	PS00543_115728	93.023	1161	81	0	1	1161	7010	8170	0.0	1696
nheA_NZ_JAUCFS010000005.1:1723688-1724848	PS00528_108789	93.029	1162	79	2	1	1161	16672	15512	0.0	1696
nheA_NZ_JAUCFS010000005.1:1723688-1724848	PS00515_97759	93.029	1162	79	2	1	1161	13060	11900	0.0	1696
nheA_NZ_JAUCFS010000005.1:1723688-1724848	PS00445_65891	93.029	1162	79	2	1	1161	3067	1907	0.0	1696
nheA_NZ_JAUCFS010000005.1:1723688-1724848	PS00052_2169	93.029	1162	79	2	1	1161	121368	120208	0.0	1696
nheA_NZ_JAUCFS010000005.1:1723688-1724848	PS00050_1976	93.029	1162	79	2	1	1161	164788	165948	0.0	1696
nheA_NZ_JAUCFS010000005.1:1723688-1724848	PS00589_140936	92.943	1162	80	2	1	1161	5869	4709	0.0	1690
nheA_NZ_JAUCFS010000005.1:1723688-1724848	PS00588_140739	92.943	1162	80	2	1	1161	940733	939573	0.0	1690
nheA_NZ_JAUCFS010000005.1:1723688-1724848	PS00525_106118	92.943	1162	80	2	1	1161	4401	3241	0.0	1690
nheA_NZ_JAUCFS010000005.1:1723688-1724848	PS00524_104544	92.943	1162	80	2	1	1161	1250	90	0.0	1690
nheA_NZ_JAUCFS010000005.1:1723688-1724848	PS00446_67180	92.943	1162	80	2	1	1161	5883	4723	0.0	1690
nheA_NZ_JAUCFS010000005.1:1723688-1724848	PS00046_1535	92.943	1162	80	2	1	1161	589146	587986	0.0	1690
nheA_NZ_JAUCFS010000005.1:1723688-1724848	PS00453_69650	92.857	1162	81	2	1	1161	291	1451	0.0	1685
nheA_NZ_JAUCFS010000005.1:1723688-1724848	PS00193_20975	92.851	1161	83	0	1	1161	9930	8770	0.0	1685
nheA_NZ_JAUCFS010000005.1:1723688-1724848	PS00157_18605	92.857	1162	81	2	1	1161	69044	70204	0.0	1685
nheA_NZ_JAUCFS010000005.1:1723688-1724848	PS00570_130781	94.118	1105	65	0	1	1105	1105	1	0.0	1681
nheA_NZ_JAUCFS010000005.1:1723688-1724848	PS00463_71730	92.765	1161	84	0	1	1161	990063	988903	0.0	1679
nheA_NZ_JAUCFS010000005.1:1723688-1724848	PS00127_14072	92.771	1162	82	2	1	1161	35133	36293	0.0	1679
nheA_NZ_JAUCFS010000005.1:1723688-1724848	PS00117_11446	92.771	1162	82	2	1	1161	29815	28655	0.0	1679
nheA_NZ_JAUCFS010000005.1:1723688-1724848	PS00587_140391	92.685	1162	83	2	1	1161	22123	20963	0.0	1674
nheA_NZ_JAUCFS010000005.1:1723688-1724848	PS00447_67448	92.685	1162	83	2	1	1161	61507	62667	0.0	1674
nheA_NZ_JAUCFS010000005.1:1723688-1724848	PS00129_14284	92.685	1162	83	2	1	1161	139392	138232	0.0	1674
nheA_NZ_JAUCFS010000005.1:1723688-1724848	PS00048_1778	92.679	1161	85	0	1	1161	23694	22534	0.0	1674
nheA_NZ_JAUCFS010000005.1:1723688-1724848	PS00487_83844	92.593	1161	86	0	1	1161	468	1628	0.0	1668
nheA_NZ_JAUCFS010000005.1:1723688-1724848	PS00538_113729	92.513	1162	85	2	1	1161	5872	4712	0.0	1663
nheA_NZ_JAUCFS010000005.1:1723688-1724848	PS00532_110388	92.513	1162	85	2	1	1161	4412	3252	0.0	1663
nheA_NZ_JAUCFS010000005.1:1723688-1724848	PS00500_89122	92.513	1162	85	2	1	1161	80541	81701	0.0	1663
nheA_NZ_JAUCFS010000005.1:1723688-1724848	PS00441_63700	92.506	1161	87	0	1	1161	203621	202461	0.0	1663
nheA_NZ_JAUCFS010000005.1:1723688-1724848	PS00401_25761	92.506	1161	87	0	1	1161	561628	560468	0.0	1663
nheA_NZ_JAUCFS010000005.1:1723688-1724848	PS00400_25563	92.506	1161	87	0	1	1161	3145	4305	0.0	1663
nheA_NZ_JAUCFS010000005.1:1723688-1724848	PS00397_23759	92.506	1161	87	0	1	1161	22690	21530	0.0	1663
nheA_NZ_JAUCFS010000005.1:1723688-1724848	PS00544_117390	94.134	1091	64	0	1	1091	260	1350	0.0	1661
nheA_NZ_JAUCFS010000005.1:1723688-1724848	PS00584_137832	92.420	1161	88	0	1	1161	18612	17452	0.0	1657
nheA_NZ_JAUCFS010000005.1:1723688-1724848	PS00530_110088	92.427	1162	86	2	1	1161	79029	77869	0.0	1657
nheA_NZ_JAUCFS010000005.1:1723688-1724848	PS00485_83454	92.427	1162	86	2	1	1161	11604	10444	0.0	1657
nheA_NZ_JAUCFS010000005.1:1723688-1724848	PS00442_64154	92.446	1165	80	5	1	1161	2924	1764	0.0	1657
nheA_NZ_JAUCFS010000005.1:1723688-1724848	PS00436_56614	92.420	1161	88	0	1	1161	254	1414	0.0	1657
nheA_NZ_JAUCFS010000005.1:1723688-1724848	PS00116_11338	92.427	1162	86	2	1	1161	239597	240757	0.0	1657
nheA_NZ_JAUCFS010000005.1:1723688-1724848	PS00051_2015	92.427	1162	86	2	1	1161	121920	123080	0.0	1657
nheA_NZ_JAUCFS010000005.1:1723688-1724848	PS00561_125494	94.183	1083	63	0	1	1083	1085	3	0.0	1652
nheA_NZ_JAUCFS010000005.1:1723688-1724848	PS00513_96289	92.341	1162	87	2	1	1161	11597	10437	0.0	1652
nheA_NZ_JAUCFS010000005.1:1723688-1724848	PS00503_89558	92.341	1162	87	2	1	1161	3966	2806	0.0	1652
nheA_NZ_JAUCFS010000005.1:1723688-1724848	PS00438_58417	92.341	1162	87	2	1	1161	356717	355557	0.0	1652
nheA_NZ_JAUCFS010000005.1:1723688-1724848	PS00534_111497	92.876	1123	78	2	1	1122	1122	1	0.0	1629
nheA_NZ_JAUCFS010000005.1:1723688-1724848	PS00423_37722	92.903	1099	78	0	1	1099	1099	1	0.0	1598
nheA_NZ_JAUCFS010000005.1:1723688-1724848	PS00415_33542	93.797	1064	64	2	1	1063	1063	1	0.0	1598
nheA_NZ_JAUCFS010000005.1:1723688-1724848	PS00578_135059	94.000	1050	61	2	1	1049	393	1441	0.0	1589
nheA_NZ_JAUCFS010000005.1:1723688-1724848	PS00514_97394	93.120	1061	73	0	1	1061	1061	1	0.0	1555
nheA_NZ_JAUCFS010000005.1:1723688-1724848	PS00219_22710	92.729	1059	75	2	1	1058	1073	2130	0.0	1528
nheA_NZ_JAUCFS010000005.1:1723688-1724848	PS00585_138924	95.057	870	43	0	292	1161	2979	2110	0.0	1369
nheA_NZ_JAUCFS010000005.1:1723688-1724848	PS00077_2320	85.223	1164	166	5	1	1161	17836	18996	0.0	1192
# BLASTN 2.16.0+
# Query: nheA_NZ_CP064875.1:1735531-1736691
# Database: /workdir/crp86/bc/bc_contigs.fasta
# Fields: query acc.ver, subject acc.ver, % identity, alignment length, mismatches, gap opens, q. start, q. end, s. start, s. end, evalue, bit score
# 250 hits found
nheA_NZ_CP064875.1:1735531-1736691	PS00504_91916	99.828	1161	2	0	1	1161	4119	2959	0.0	2134
nheA_NZ_CP064875.1:1735531-1736691	PS00418_35021	97.761	1161	26	0	1	1161	4102	2942	0.0	2001
nheA_NZ_CP064875.1:1735531-1736691	PS00161_19036	96.727	1161	38	0	1	1161	1698	2858	0.0	1934
nheA_NZ_CP064875.1:1735531-1736691	PS00138_15369	96.641	1161	39	0	1	1161	63787	64947	0.0	1929
nheA_NZ_CP064875.1:1735531-1736691	PS00518_100913	96.382	1161	42	0	1	1161	4460	3300	0.0	1912
nheA_NZ_CP064875.1:1735531-1736691	PS00517_98958	96.382	1161	42	0	1	1161	3227	2067	0.0	1912
nheA_NZ_CP064875.1:1735531-1736691	PS00457_70237	96.124	1161	45	0	1	1161	13363	12203	0.0	1895
nheA_NZ_CP064875.1:1735531-1736691	PS00445_65891	96.038	1161	46	0	1	1161	3067	1907	0.0	1890
nheA_NZ_CP064875.1:1735531-1736691	PS00576_133619	95.952	1161	47	0	1	1161	17645	16485	0.0	1884
nheA_NZ_CP064875.1:1735531-1736691	PS00573_133236	95.952	1161	47	0	1	1161	10532	11692	0.0	1884
nheA_NZ_CP064875.1:1735531-1736691	PS00543_115728	95.952	1161	47	0	1	1161	7010	8170	0.0	1884
nheA_NZ_CP064875.1:1735531-1736691	PS00417_34902	95.952	1161	47	0	1	1161	817422	818582	0.0	1884
nheA_NZ_CP064875.1:1735531-1736691	PS00453_69650	95.866	1161	48	0	1	1161	291	1451	0.0	1879
nheA_NZ_CP064875.1:1735531-1736691	PS00442_64154	95.866	1161	48	0	1	1161	2924	1764	0.0	1879
nheA_NZ_CP064875.1:1735531-1736691	PS00193_20975	95.866	1161	48	0	1	1161	9930	8770	0.0	1879
nheA_NZ_CP064875.1:1735531-1736691	PS00589_140936	95.780	1161	49	0	1	1161	5869	4709	0.0	1873
nheA_NZ_CP064875.1:1735531-1736691	PS00588_140739	95.780	1161	49	0	1	1161	940733	939573	0.0	1873
nheA_NZ_CP064875.1:1735531-1736691	PS00525_106118	95.780	1161	49	0	1	1161	4401	3241	0.0	1873
nheA_NZ_CP064875.1:1735531-1736691	PS00524_104544	95.780	1161	49	0	1	1161	1250	90	0.0	1873
nheA_NZ_CP064875.1:1735531-1736691	PS00515_97759	95.780	1161	49	0	1	1161	13060	11900	0.0	1873
nheA_NZ_CP064875.1:1735531-1736691	PS00494_88571	95.780	1161	49	0	1	1161	6910	5750	0.0	1873
nheA_NZ_CP064875.1:1735531-1736691	PS00470_75428	95.780	1161	49	0	1	1161	299	1459	0.0	1873
nheA_NZ_CP064875.1:1735531-1736691	PS00469_74944	95.780	1161	49	0	1	1161	59047	57887	0.0	1873
nheA_NZ_CP064875.1:1735531-1736691	PS00467_74011	95.780	1161	49	0	1	1161	241	1401	0.0	1873
nheA_NZ_CP064875.1:1735531-1736691	PS00446_67180	95.780	1161	49	0	1	1161	5883	4723	0.0	1873
nheA_NZ_CP064875.1:1735531-1736691	PS00443_65176	95.780	1161	49	0	1	1161	12135	13295	0.0	1873
nheA_NZ_CP064875.1:1735531-1736691	PS00435_56205	95.780	1161	49	0	1	1161	3135	4295	0.0	1873
nheA_NZ_CP064875.1:1735531-1736691	PS00127_14072	95.780	1161	49	0	1	1161	35133	36293	0.0	1873
nheA_NZ_CP064875.1:1735531-1736691	PS00117_11446	95.780	1161	49	0	1	1161	29815	28655	0.0	1873
nheA_NZ_CP064875.1:1735531-1736691	PS00052_2169	95.780	1161	49	0	1	1161	121368	120208	0.0	1873
nheA_NZ_CP064875.1:1735531-1736691	PS00046_1535	95.780	1161	49	0	1	1161	589146	587986	0.0	1873
nheA_NZ_CP064875.1:1735531-1736691	PS00036_102	95.780	1161	49	0	1	1161	44630	43470	0.0	1873
nheA_NZ_CP064875.1:1735531-1736691	PS00529_109741	95.693	1161	50	0	1	1161	272	1432	0.0	1868
nheA_NZ_CP064875.1:1735531-1736691	PS00528_108789	95.693	1161	50	0	1	1161	16672	15512	0.0	1868
nheA_NZ_CP064875.1:1735531-1736691	PS00429_44194	95.693	1161	50	0	1	1161	2952	1792	0.0	1868
nheA_NZ_CP064875.1:1735531-1736691	PS00422_35623	95.693	1161	50	0	1	1161	6968	8128	0.0	1868
nheA_NZ_CP064875.1:1735531-1736691	PS00157_18605	95.693	1161	50	0	1	1161	69044	70204	0.0	1868
nheA_NZ_CP064875.1:1735531-1736691	PS00119_11632	95.693	1161	50	0	1	1161	4878	3718	0.0	1868
nheA_NZ_CP064875.1:1735531-1736691	PS00048_1778	95.693	1161	50	0	1	1161	23694	22534	0.0	1868
nheA_NZ_CP064875.1:1735531-1736691	PS00584_137832	95.607	1161	51	0	1	1161	18612	17452	0.0	1862
nheA_NZ_CP064875.1:1735531-1736691	PS00487_83844	95.607	1161	51	0	1	1161	468	1628	0.0	1862
nheA_NZ_CP064875.1:1735531-1736691	PS00474_77084	95.607	1161	51	0	1	1161	19562	18402	0.0	1862
nheA_NZ_CP064875.1:1735531-1736691	PS00471_76232	95.607	1161	51	0	1	1161	2884	4044	0.0	1862
nheA_NZ_CP064875.1:1735531-1736691	PS00436_56614	95.607	1161	51	0	1	1161	254	1414	0.0	1862
nheA_NZ_CP064875.1:1735531-1736691	PS00416_34548	95.607	1161	51	0	1	1161	15484	14324	0.0	1862
nheA_NZ_CP064875.1:1735531-1736691	PS00162_19332	95.607	1161	51	0	1	1161	48704	47544	0.0	1862
nheA_NZ_CP064875.1:1735531-1736691	PS00156_18488	95.607	1161	51	0	1	1161	48718	47558	0.0	1862
nheA_NZ_CP064875.1:1735531-1736691	PS00154_18394	95.607	1161	51	0	1	1161	48522	47362	0.0	1862
nheA_NZ_CP064875.1:1735531-1736691	PS00133_14714	95.607	1161	51	0	1	1161	176981	178141	0.0	1862
nheA_NZ_CP064875.1:1735531-1736691	PS00130_14425	95.607	1161	51	0	1	1161	302339	303499	0.0	1862
nheA_NZ_CP064875.1:1735531-1736691	PS00118_11527	95.607	1161	51	0	1	1161	48704	47544	0.0	1862
nheA_NZ_CP064875.1:1735531-1736691	PS00113_9952	95.607	1161	51	0	1	1161	709186	710346	0.0	1862
nheA_NZ_CP064875.1:1735531-1736691	PS00083_3320	95.607	1161	51	0	1	1161	1077316	1078476	0.0	1862
nheA_NZ_CP064875.1:1735531-1736691	PS00082_2989	95.607	1161	51	0	1	1161	22941	21781	0.0	1862
nheA_NZ_CP064875.1:1735531-1736691	PS00050_1976	95.607	1161	51	0	1	1161	164788	165948	0.0	1862
nheA_NZ_CP064875.1:1735531-1736691	PS00908_165847	95.521	1161	52	0	1	1161	26311	25151	0.0	1857
nheA_NZ_CP064875.1:1735531-1736691	PS00797_161991	95.521	1161	52	0	1	1161	319	1479	0.0	1857
nheA_NZ_CP064875.1:1735531-1736691	PS00546_118033	95.521	1161	52	0	1	1161	5282	6442	0.0	1857
nheA_NZ_CP064875.1:1735531-1736691	PS00505_93235	95.521	1161	52	0	1	1161	20347	19187	0.0	1857
nheA_NZ_CP064875.1:1735531-1736691	PS00447_67448	95.521	1161	52	0	1	1161	61507	62667	0.0	1857
nheA_NZ_CP064875.1:1735531-1736691	PS00441_63700	95.521	1161	52	0	1	1161	203621	202461	0.0	1857
nheA_NZ_CP064875.1:1735531-1736691	PS00426_41209	95.521	1161	52	0	1	1161	2737	3897	0.0	1857
nheA_NZ_CP064875.1:1735531-1736691	PS00420_35188	95.521	1161	52	0	1	1161	182993	181833	0.0	1857
nheA_NZ_CP064875.1:1735531-1736691	PS00401_25761	95.521	1161	52	0	1	1161	561628	560468	0.0	1857
nheA_NZ_CP064875.1:1735531-1736691	PS00400_25563	95.521	1161	52	0	1	1161	3145	4305	0.0	1857
nheA_NZ_CP064875.1:1735531-1736691	PS00397_23759	95.521	1161	52	0	1	1161	22690	21530	0.0	1857
nheA_NZ_CP064875.1:1735531-1736691	PS00190_20695	95.521	1161	52	0	1	1161	88463	87303	0.0	1857
nheA_NZ_CP064875.1:1735531-1736691	PS00174_19912	95.521	1161	52	0	1	1161	179028	180188	0.0	1857
nheA_NZ_CP064875.1:1735531-1736691	PS00164_19449	95.521	1161	52	0	1	1161	241270	240110	0.0	1857
nheA_NZ_CP064875.1:1735531-1736691	PS00150_17238	95.521	1161	52	0	1	1161	48718	47558	0.0	1857
nheA_NZ_CP064875.1:1735531-1736691	PS00107_8670	95.521	1161	52	0	1	1161	1672354	1673514	0.0	1857
nheA_NZ_CP064875.1:1735531-1736691	PS00104_8421	95.521	1161	52	0	1	1161	241256	240096	0.0	1857
nheA_NZ_CP064875.1:1735531-1736691	PS00088_5240	95.521	1161	52	0	1	1161	241271	240111	0.0	1857
nheA_NZ_CP064875.1:1735531-1736691	PS00084_3406	95.521	1161	52	0	1	1161	178216	179376	0.0	1857
nheA_NZ_CP064875.1:1735531-1736691	PS00009_2	95.521	1161	52	0	1	1161	48704	47544	0.0	1857
nheA_NZ_CP064875.1:1735531-1736691	PS00922_172787	95.435	1161	53	0	1	1161	4461	3301	0.0	1851
nheA_NZ_CP064875.1:1735531-1736691	PS00124_13092	95.435	1161	53	0	1	1161	4645	3485	0.0	1851
nheA_NZ_CP064875.1:1735531-1736691	PS00096_6971	95.435	1161	53	0	1	1161	116663	115503	0.0	1851
nheA_NZ_CP064875.1:1735531-1736691	PS00086_4143	95.435	1161	53	0	1	1161	8528	7368	0.0	1851
nheA_NZ_CP064875.1:1735531-1736691	PS00085_3551	95.435	1161	53	0	1	1161	20560	19400	0.0	1851
nheA_NZ_CP064875.1:1735531-1736691	PS00468_74796	95.365	1165	50	3	1	1161	4186	5350	0.0	1849
nheA_NZ_CP064875.1:1735531-1736691	PS00924_175533	95.349	1161	54	0	1	1161	832835	833995	0.0	1845
nheA_NZ_CP064875.1:1735531-1736691	PS00921_172158	95.349	1161	54	0	1	1161	832832	833992	0.0	1845
nheA_NZ_CP064875.1:1735531-1736691	PS00919_171381	95.349	1161	54	0	1	1161	3775	2615	0.0	1845
nheA_NZ_CP064875.1:1735531-1736691	PS00795_161330	95.349	1161	54	0	1	1161	6240	5080	0.0	1845
nheA_NZ_CP064875.1:1735531-1736691	PS00640_154654	95.349	1161	54	0	1	1161	3770	4930	0.0	1845
nheA_NZ_CP064875.1:1735531-1736691	PS00590_141515	95.349	1161	54	0	1	1161	40690	41850	0.0	1845
nheA_NZ_CP064875.1:1735531-1736691	PS00500_89122	95.349	1161	54	0	1	1161	80541	81701	0.0	1845
nheA_NZ_CP064875.1:1735531-1736691	PS00455_70089	95.349	1161	54	0	1	1161	116579	115419	0.0	1845
nheA_NZ_CP064875.1:1735531-1736691	PS00220_23608	95.349	1161	54	0	1	1161	368138	369298	0.0	1845
nheA_NZ_CP064875.1:1735531-1736691	PS00208_22025	95.349	1161	54	0	1	1161	1011104	1012264	0.0	1845
nheA_NZ_CP064875.1:1735531-1736691	PS00105_8511	95.349	1161	54	0	1	1161	20711	21871	0.0	1845
nheA_NZ_CP064875.1:1735531-1736691	PS00081_2890	95.349	1161	54	0	1	1161	302940	301780	0.0	1845
nheA_NZ_CP064875.1:1735531-1736691	PS00914_167567	95.263	1161	55	0	1	1161	37001	35841	0.0	1840
nheA_NZ_CP064875.1:1735531-1736691	PS00910_166186	95.263	1161	55	0	1	1161	194501	193341	0.0	1840
nheA_NZ_CP064875.1:1735531-1736691	PS00810_165307	95.263	1161	55	0	1	1161	123777	124937	0.0	1840
nheA_NZ_CP064875.1:1735531-1736691	PS00807_164367	95.263	1161	55	0	1	1161	13503	12343	0.0	1840
nheA_NZ_CP064875.1:1735531-1736691	PS00642_155320	95.263	1161	55	0	1	1161	148120	149280	0.0	1840
nheA_NZ_CP064875.1:1735531-1736691	PS00641_155148	95.263	1161	55	0	1	1161	134454	133294	0.0	1840
nheA_NZ_CP064875.1:1735531-1736691	PS00638_147381	95.263	1161	55	0	1	1161	46823	45663	0.0	1840
nheA_NZ_CP064875.1:1735531-1736691	PS00597_143773	95.263	1161	55	0	1	1161	505	1665	0.0	1840
nheA_NZ_CP064875.1:1735531-1736691	PS00567_129161	95.263	1161	55	0	1	1161	7030	8190	0.0	1840
nheA_NZ_CP064875.1:1735531-1736691	PS00557_124252	95.263	1161	55	0	1	1161	238946	237786	0.0	1840
nheA_NZ_CP064875.1:1735531-1736691	PS00542_115207	95.263	1161	55	0	1	1161	2516	1356	0.0	1840
nheA_NZ_CP064875.1:1735531-1736691	PS00516_98447	95.263	1161	55	0	1	1161	5884	4724	0.0	1840
nheA_NZ_CP064875.1:1735531-1736691	PS00434_51317	95.263	1161	55	0	1	1161	3469	2309	0.0	1840
nheA_NZ_CP064875.1:1735531-1736691	PS00430_46096	95.263	1161	55	0	1	1161	33683	32523	0.0	1840
nheA_NZ_CP064875.1:1735531-1736691	PS00189_20311	95.263	1161	55	0	1	1161	265	1425	0.0	1840
nheA_NZ_CP064875.1:1735531-1736691	PS00163_19407	95.263	1161	55	0	1	1161	401132	402292	0.0	1840
nheA_NZ_CP064875.1:1735531-1736691	PS00151_17572	95.263	1161	55	0	1	1161	4593	3433	0.0	1840
nheA_NZ_CP064875.1:1735531-1736691	PS00120_11805	95.263	1161	55	0	1	1161	216999	215839	0.0	1840
nheA_NZ_CP064875.1:1735531-1736691	PS00112_9739	95.263	1161	55	0	1	1161	78670	79830	0.0	1840
nheA_NZ_CP064875.1:1735531-1736691	PS00094_6157	95.263	1161	55	0	1	1161	570377	571537	0.0	1840
nheA_NZ_CP064875.1:1735531-1736691	PS00012_90	95.263	1161	55	0	1	1161	1871468	1872628	0.0	1840
nheA_NZ_CP064875.1:1735531-1736691	PS00799_163290	95.177	1161	56	0	1	1161	48328	47168	0.0	1834
nheA_NZ_CP064875.1:1735531-1736691	PS00793_161046	95.177	1161	56	0	1	1161	48149	49309	0.0	1834
nheA_NZ_CP064875.1:1735531-1736691	PS00769_160150	95.177	1161	56	0	1	1161	3488	2328	0.0	1834
nheA_NZ_CP064875.1:1735531-1736691	PS00643_159793	95.177	1161	56	0	1	1161	4070	5230	0.0	1834
nheA_NZ_CP064875.1:1735531-1736691	PS00572_132397	95.177	1161	56	0	1	1161	368	1528	0.0	1834
nheA_NZ_CP064875.1:1735531-1736691	PS00566_129051	95.177	1161	56	0	1	1161	4047074	4045914	0.0	1834
nheA_NZ_CP064875.1:1735531-1736691	PS00565_128163	95.177	1161	56	0	1	1161	4062	5222	0.0	1834
nheA_NZ_CP064875.1:1735531-1736691	PS00562_125784	95.177	1161	56	0	1	1161	3931	2771	0.0	1834
nheA_NZ_CP064875.1:1735531-1736691	PS00558_124443	95.177	1161	56	0	1	1161	2982	1822	0.0	1834
nheA_NZ_CP064875.1:1735531-1736691	PS00491_85792	95.177	1161	56	0	1	1161	5595	4435	0.0	1834
nheA_NZ_CP064875.1:1735531-1736691	PS00452_69138	95.177	1161	56	0	1	1161	35225	36385	0.0	1834
nheA_NZ_CP064875.1:1735531-1736691	PS00142_15781	95.177	1161	56	0	1	1161	13367	12207	0.0	1834
nheA_NZ_CP064875.1:1735531-1736691	PS00111_9237	95.177	1161	56	0	1	1161	9313	10473	0.0	1834
nheA_NZ_CP064875.1:1735531-1736691	PS00103_8156	95.177	1161	56	0	1	1161	5714	4554	0.0	1834
nheA_NZ_CP064875.1:1735531-1736691	PS00090_5421	95.177	1161	56	0	1	1161	10026	8866	0.0	1834
nheA_NZ_CP064875.1:1735531-1736691	PS00040_348	95.177	1161	56	0	1	1161	223797	224957	0.0	1834
nheA_NZ_CP064875.1:1735531-1736691	PS00039_236	95.177	1161	56	0	1	1161	215205	216365	0.0	1834
nheA_NZ_CP064875.1:1735531-1736691	PS00023_92	95.177	1161	56	0	1	1161	1765215	1766375	0.0	1834
nheA_NZ_CP064875.1:1735531-1736691	PS00809_164817	95.090	1161	57	0	1	1161	34310	35470	0.0	1829
nheA_NZ_CP064875.1:1735531-1736691	PS00798_162634	95.090	1161	57	0	1	1161	5180	6340	0.0	1829
nheA_NZ_CP064875.1:1735531-1736691	PS00792_160594	95.090	1161	57	0	1	1161	7020	8180	0.0	1829
nheA_NZ_CP064875.1:1735531-1736691	PS00789_160313	95.090	1161	57	0	1	1161	13628	12468	0.0	1829
nheA_NZ_CP064875.1:1735531-1736691	PS00620_147295	95.090	1161	57	0	1	1161	856452	857612	0.0	1829
nheA_NZ_CP064875.1:1735531-1736691	PS00619_147138	95.090	1161	57	0	1	1161	16681	17841	0.0	1829
nheA_NZ_CP064875.1:1735531-1736691	PS00591_143170	95.090	1161	57	0	1	1161	554	1714	0.0	1829
nheA_NZ_CP064875.1:1735531-1736691	PS00569_129511	95.090	1161	57	0	1	1161	70212	71372	0.0	1829
nheA_NZ_CP064875.1:1735531-1736691	PS00560_124644	95.090	1161	57	0	1	1161	42546	41386	0.0	1829
nheA_NZ_CP064875.1:1735531-1736691	PS00552_122037	95.090	1161	57	0	1	1161	268	1428	0.0	1829
nheA_NZ_CP064875.1:1735531-1736691	PS00545_117767	95.090	1161	57	0	1	1161	38555	37395	0.0	1829
nheA_NZ_CP064875.1:1735531-1736691	PS00538_113729	95.090	1161	57	0	1	1161	5872	4712	0.0	1829
nheA_NZ_CP064875.1:1735531-1736691	PS00532_110388	95.090	1161	57	0	1	1161	4412	3252	0.0	1829
nheA_NZ_CP064875.1:1735531-1736691	PS00526_106985	95.090	1161	57	0	1	1161	3085	4245	0.0	1829
nheA_NZ_CP064875.1:1735531-1736691	PS00462_71467	95.090	1161	57	0	1	1161	102737	103897	0.0	1829
nheA_NZ_CP064875.1:1735531-1736691	PS00451_67950	95.090	1161	57	0	1	1161	2933	1773	0.0	1829
nheA_NZ_CP064875.1:1735531-1736691	PS00444_65313	95.090	1161	57	0	1	1161	68311	69471	0.0	1829
nheA_NZ_CP064875.1:1735531-1736691	PS00197_21622	95.090	1161	57	0	1	1161	16654	15494	0.0	1829
nheA_NZ_CP064875.1:1735531-1736691	PS00191_20807	95.090	1161	57	0	1	1161	57509	58669	0.0	1829
nheA_NZ_CP064875.1:1735531-1736691	PS00185_20012	95.090	1161	57	0	1	1161	96401	97561	0.0	1829
nheA_NZ_CP064875.1:1735531-1736691	PS00170_19716	95.090	1161	57	0	1	1161	245582	244422	0.0	1829
nheA_NZ_CP064875.1:1735531-1736691	PS00152_17926	95.090	1161	57	0	1	1161	9999	8839	0.0	1829
nheA_NZ_CP064875.1:1735531-1736691	PS00143_16140	95.090	1161	57	0	1	1161	26608	25448	0.0	1829
nheA_NZ_CP064875.1:1735531-1736691	PS00121_12081	95.090	1161	57	0	1	1161	280	1440	0.0	1829
nheA_NZ_CP064875.1:1735531-1736691	PS00114_10291	95.090	1161	57	0	1	1161	35893	37053	0.0	1829
nheA_NZ_CP064875.1:1735531-1736691	PS00091_5804	95.090	1161	57	0	1	1161	75827	76987	0.0	1829
nheA_NZ_CP064875.1:1735531-1736691	PS00079_2887	95.090	1161	57	0	1	1161	4349010	4350170	0.0	1829
nheA_NZ_CP064875.1:1735531-1736691	PS00042_764	95.090	1161	57	0	1	1161	293	1453	0.0	1829
nheA_NZ_CP064875.1:1735531-1736691	PS00530_110088	95.004	1161	58	0	1	1161	79029	77869	0.0	1823
nheA_NZ_CP064875.1:1735531-1736691	PS00506_93833	95.004	1161	58	0	1	1161	4067	5227	0.0	1823
nheA_NZ_CP064875.1:1735531-1736691	PS00485_83454	95.004	1161	58	0	1	1161	11604	10444	0.0	1823
nheA_NZ_CP064875.1:1735531-1736691	PS00466_72603	95.004	1161	58	0	1	1161	257	1417	0.0	1823
nheA_NZ_CP064875.1:1735531-1736691	PS00414_31944	95.004	1161	58	0	1	1161	3079	4239	0.0	1823
nheA_NZ_CP064875.1:1735531-1736691	PS00215_22110	95.004	1161	58	0	1	1161	1618335	1617175	0.0	1823
nheA_NZ_CP064875.1:1735531-1736691	PS00116_11338	95.004	1161	58	0	1	1161	239597	240757	0.0	1823
nheA_NZ_CP064875.1:1735531-1736691	PS00108_8699	95.004	1161	58	0	1	1161	12074	10914	0.0	1823
nheA_NZ_CP064875.1:1735531-1736691	PS00051_2015	95.004	1161	58	0	1	1161	121920	123080	0.0	1823
nheA_NZ_CP064875.1:1735531-1736691	PS00047_1612	95.004	1161	58	0	1	1161	37814	38974	0.0	1823
nheA_NZ_CP064875.1:1735531-1736691	PS00564_126736	94.918	1161	59	0	1	1161	370	1530	0.0	1818
nheA_NZ_CP064875.1:1735531-1736691	PS00547_119937	94.918	1161	59	0	1	1161	2890	1730	0.0	1818
nheA_NZ_CP064875.1:1735531-1736691	PS00513_96289	94.918	1161	59	0	1	1161	11597	10437	0.0	1818
nheA_NZ_CP064875.1:1735531-1736691	PS00503_89558	94.918	1161	59	0	1	1161	3966	2806	0.0	1818
nheA_NZ_CP064875.1:1735531-1736691	PS00459_70655	94.918	1161	59	0	1	1161	5680	4520	0.0	1818
nheA_NZ_CP064875.1:1735531-1736691	PS00131_14502	94.918	1161	59	0	1	1161	68492	69652	0.0	1818
nheA_NZ_CP064875.1:1735531-1736691	PS00087_4730	94.918	1161	59	0	1	1161	58226	59386	0.0	1818
nheA_NZ_CP064875.1:1735531-1736691	PS00913_167122	94.832	1161	60	0	1	1161	559	1719	0.0	1812
nheA_NZ_CP064875.1:1735531-1736691	PS00579_136626	94.832	1161	60	0	1	1161	5181	6341	0.0	1812
nheA_NZ_CP064875.1:1735531-1736691	PS00555_123896	94.832	1161	60	0	1	1161	246485	247645	0.0	1812
nheA_NZ_CP064875.1:1735531-1736691	PS00554_122688	94.832	1161	60	0	1	1161	4042	5202	0.0	1812
nheA_NZ_CP064875.1:1735531-1736691	PS00511_95367	94.832	1161	60	0	1	1161	6016	4856	0.0	1812
nheA_NZ_CP064875.1:1735531-1736691	PS00483_82745	94.832	1161	60	0	1	1161	4052	5212	0.0	1812
nheA_NZ_CP064875.1:1735531-1736691	PS00463_71730	94.832	1161	60	0	1	1161	990063	988903	0.0	1812
nheA_NZ_CP064875.1:1735531-1736691	PS00438_58417	94.832	1161	60	0	1	1161	356717	355557	0.0	1812
nheA_NZ_CP064875.1:1735531-1736691	PS00427_42571	94.832	1161	60	0	1	1161	3525	2365	0.0	1812
nheA_NZ_CP064875.1:1735531-1736691	PS00424_39745	94.832	1161	60	0	1	1161	26215	25055	0.0	1812
nheA_NZ_CP064875.1:1735531-1736691	PS00412_30078	94.832	1161	60	0	1	1161	77353	76193	0.0	1812
nheA_NZ_CP064875.1:1735531-1736691	PS00411_29495	94.832	1161	60	0	1	1161	77353	76193	0.0	1812
nheA_NZ_CP064875.1:1735531-1736691	PS00410_29050	94.832	1161	60	0	1	1161	77353	76193	0.0	1812
nheA_NZ_CP064875.1:1735531-1736691	PS00409_26418	94.832	1161	60	0	1	1161	2955	1795	0.0	1812
nheA_NZ_CP064875.1:1735531-1736691	PS00207_21913	94.832	1161	60	0	1	1161	137153	135993	0.0	1812
nheA_NZ_CP064875.1:1735531-1736691	PS00165_19548	94.832	1161	60	0	1	1161	122323	121163	0.0	1812
nheA_NZ_CP064875.1:1735531-1736691	PS00145_16325	94.832	1161	60	0	1	1161	71577	70417	0.0	1812
nheA_NZ_CP064875.1:1735531-1736691	PS00129_14284	94.832	1161	60	0	1	1161	139392	138232	0.0	1812
nheA_NZ_CP064875.1:1735531-1736691	PS00587_140391	94.746	1161	61	0	1	1161	22123	20963	0.0	1807
nheA_NZ_CP064875.1:1735531-1736691	PS00493_87630	94.746	1161	61	0	1	1161	3781	2621	0.0	1807
nheA_NZ_CP064875.1:1735531-1736691	PS00431_46402	94.746	1161	61	0	1	1161	72193	73353	0.0	1807
nheA_NZ_CP064875.1:1735531-1736691	PS00425_40171	94.746	1161	61	0	1	1161	3795	2635	0.0	1807
nheA_NZ_CP064875.1:1735531-1736691	PS00144_16237	94.746	1161	61	0	1	1161	72066	73226	0.0	1807
nheA_NZ_CP064875.1:1735531-1736691	PS00132_14606	94.746	1161	61	0	1	1161	192237	191077	0.0	1807
nheA_NZ_CP064875.1:1735531-1736691	PS00049_1817	94.750	1162	59	2	1	1161	219570	220730	0.0	1807
nheA_NZ_CP064875.1:1735531-1736691	PS00649_159989	94.660	1161	62	0	1	1161	28975	27815	0.0	1801
nheA_NZ_CP064875.1:1735531-1736691	PS00534_111497	95.633	1122	49	0	1	1122	1122	1	0.0	1801
nheA_NZ_CP064875.1:1735531-1736691	PS00512_96068	94.660	1161	62	0	1	1161	153319	154479	0.0	1801
nheA_NZ_CP064875.1:1735531-1736691	PS00413_30727	94.660	1161	62	0	1	1161	211	1371	0.0	1801
nheA_NZ_CP064875.1:1735531-1736691	PS00196_21240	94.660	1161	62	0	1	1161	31881	30721	0.0	1801
nheA_NZ_CP064875.1:1735531-1736691	PS00141_15427	94.660	1161	62	0	1	1161	211421	210261	0.0	1801
nheA_NZ_CP064875.1:1735531-1736691	PS00115_10861	94.664	1162	60	2	1	1161	306	1466	0.0	1801
nheA_NZ_CP064875.1:1735531-1736691	PS00100_7216	94.660	1161	62	0	1	1161	18618	17458	0.0	1801
nheA_NZ_CP064875.1:1735531-1736691	PS00159_18765	94.574	1161	63	0	1	1161	527172	526012	0.0	1796
nheA_NZ_CP064875.1:1735531-1736691	PS00122_12214	94.574	1161	63	0	1	1161	34965	33805	0.0	1796
nheA_NZ_CP064875.1:1735531-1736691	PS00953_175894	94.492	1162	62	2	1	1161	10417	9257	0.0	1790
nheA_NZ_CP064875.1:1735531-1736691	PS00923_174186	94.488	1161	64	0	1	1161	4424	3264	0.0	1790
nheA_NZ_CP064875.1:1735531-1736691	PS00920_171867	94.488	1161	64	0	1	1161	4628	3468	0.0	1790
nheA_NZ_CP064875.1:1735531-1736691	PS00918_170731	94.488	1161	64	0	1	1161	4882	3722	0.0	1790
nheA_NZ_CP064875.1:1735531-1736691	PS00917_170211	94.488	1161	64	0	1	1161	4569	3409	0.0	1790
nheA_NZ_CP064875.1:1735531-1736691	PS00916_169435	94.488	1161	64	0	1	1161	4457	3297	0.0	1790
nheA_NZ_CP064875.1:1735531-1736691	PS00915_167862	94.488	1161	64	0	1	1161	3793	2633	0.0	1790
nheA_NZ_CP064875.1:1735531-1736691	PS00912_166869	94.488	1161	64	0	1	1161	30069	28909	0.0	1790
nheA_NZ_CP064875.1:1735531-1736691	PS00911_166556	94.488	1161	64	0	1	1161	15633	16793	0.0	1790
nheA_NZ_CP064875.1:1735531-1736691	PS00153_18252	94.488	1161	64	0	1	1161	198961	200121	0.0	1790
nheA_NZ_CP064875.1:1735531-1736691	PS00147_16688	94.488	1161	64	0	1	1161	4628	3468	0.0	1790
nheA_NZ_CP064875.1:1735531-1736691	PS00110_8987	94.488	1161	64	0	1	1161	4841	3681	0.0	1790
nheA_NZ_CP064875.1:1735531-1736691	PS00106_8583	94.488	1161	64	0	1	1161	1057666	1058826	0.0	1790
nheA_NZ_CP064875.1:1735531-1736691	PS00101_7802	94.488	1161	64	0	1	1161	15211	16371	0.0	1790
nheA_NZ_CP064875.1:1735531-1736691	PS00097_7073	94.492	1162	62	2	1	1161	41712	42872	0.0	1790
nheA_NZ_CP064875.1:1735531-1736691	PS00095_6518	94.488	1161	64	0	1	1161	340	1500	0.0	1790
nheA_NZ_CP064875.1:1735531-1736691	PS00092_5902	94.488	1161	64	0	1	1161	145601	144441	0.0	1790
nheA_NZ_CP064875.1:1735531-1736691	PS00078_2662	94.488	1161	64	0	1	1161	4865	3705	0.0	1790
nheA_NZ_CP064875.1:1735531-1736691	PS00045_1371	94.488	1161	64	0	1	1161	296482	297642	0.0	1790
nheA_NZ_CP064875.1:1735531-1736691	PS00149_17145	94.315	1161	66	0	1	1161	473	1633	0.0	1779
nheA_NZ_CP064875.1:1735531-1736691	PS00481_81714	94.148	1162	66	2	1	1161	15910	14750	0.0	1768
nheA_NZ_CP064875.1:1735531-1736691	PS00044_1295	93.971	1161	70	0	1	1161	74694	73534	0.0	1757
nheA_NZ_CP064875.1:1735531-1736691	PS00482_82328	93.890	1162	69	2	1	1161	1952	792	0.0	1751
nheA_NZ_CP064875.1:1735531-1736691	PS00492_87222	93.804	1162	70	2	1	1161	3928	2768	0.0	1746
nheA_NZ_CP064875.1:1735531-1736691	PS00489_85491	93.804	1162	70	2	1	1161	3928	2768	0.0	1746
nheA_NZ_CP064875.1:1735531-1736691	PS00423_37722	95.177	1099	53	0	1	1099	1099	1	0.0	1736
nheA_NZ_CP064875.1:1735531-1736691	PS00570_130781	94.932	1105	56	0	1	1105	1105	1	0.0	1731
nheA_NZ_CP064875.1:1735531-1736691	PS00544_117390	94.959	1091	55	0	1	1091	260	1350	0.0	1711
nheA_NZ_CP064875.1:1735531-1736691	PS00514_97394	95.669	1062	44	2	1	1061	1061	1	0.0	1705
nheA_NZ_CP064875.1:1735531-1736691	PS00561_125494	95.014	1083	54	0	1	1083	1085	3	0.0	1701
nheA_NZ_CP064875.1:1735531-1736691	PS00219_22710	95.180	1058	51	0	1	1058	1073	2130	0.0	1672
nheA_NZ_CP064875.1:1735531-1736691	PS00415_33542	94.544	1063	58	0	1	1063	1063	1	0.0	1642
nheA_NZ_CP064875.1:1735531-1736691	PS00578_135059	94.852	1049	54	0	1	1049	393	1441	0.0	1639
nheA_NZ_CP064875.1:1735531-1736691	PS00585_138924	94.943	870	44	0	292	1161	2979	2110	0.0	1363
nheA_NZ_CP064875.1:1735531-1736691	PS00077_2320	83.633	1167	179	11	1	1161	17836	18996	0.0	1086
nheA_NZ_CP064875.1:1735531-1736691	PS00136_14973	76.681	1175	246	25	1	1161	62548	63708	2.82e-177	627
nheA_NZ_CP064875.1:1735531-1736691	PS00135_14963	76.681	1175	246	25	1	1161	1686182	1687342	2.82e-177	627
nheA_NZ_CP064875.1:1735531-1736691	PS00125_13360	76.681	1175	246	25	1	1161	575637	576797	2.82e-177	627
# BLASTN 2.16.0+
# Query: nheA_NZ_CP035997.1:c967684-966524
# Database: /workdir/crp86/bc/bc_contigs.fasta
# Fields: query acc.ver, subject acc.ver, % identity, alignment length, mismatches, gap opens, q. start, q. end, s. start, s. end, evalue, bit score
# 247 hits found
nheA_NZ_CP035997.1:c967684-966524	PS00190_20695	98.277	1161	20	0	1	1161	88463	87303	0.0	2034
nheA_NZ_CP035997.1:c967684-966524	PS00924_175533	97.933	1161	24	0	1	1161	832835	833995	0.0	2012
nheA_NZ_CP035997.1:c967684-966524	PS00921_172158	97.933	1161	24	0	1	1161	832832	833992	0.0	2012
nheA_NZ_CP035997.1:c967684-966524	PS00220_23608	97.588	1161	28	0	1	1161	368138	369298	0.0	1989
nheA_NZ_CP035997.1:c967684-966524	PS00105_8511	97.588	1161	28	0	1	1161	20711	21871	0.0	1989
nheA_NZ_CP035997.1:c967684-966524	PS00081_2890	97.588	1161	28	0	1	1161	302940	301780	0.0	1989
nheA_NZ_CP035997.1:c967684-966524	PS00112_9739	97.502	1161	29	0	1	1161	78670	79830	0.0	1984
nheA_NZ_CP035997.1:c967684-966524	PS00215_22110	97.416	1161	30	0	1	1161	1618335	1617175	0.0	1978
nheA_NZ_CP035997.1:c967684-966524	PS00919_171381	97.071	1161	34	0	1	1161	3775	2615	0.0	1956
nheA_NZ_CP035997.1:c967684-966524	PS00119_11632	97.071	1161	34	0	1	1161	4878	3718	0.0	1956
nheA_NZ_CP035997.1:c967684-966524	PS00914_167567	96.985	1161	35	0	1	1161	37001	35841	0.0	1951
nheA_NZ_CP035997.1:c967684-966524	PS00151_17572	96.985	1161	35	0	1	1161	4593	3433	0.0	1951
nheA_NZ_CP035997.1:c967684-966524	PS00120_11805	96.985	1161	35	0	1	1161	216999	215839	0.0	1951
nheA_NZ_CP035997.1:c967684-966524	PS00045_1371	96.296	1161	43	0	1	1161	296482	297642	0.0	1906
nheA_NZ_CP035997.1:c967684-966524	PS00922_172787	95.866	1161	48	0	1	1161	4461	3301	0.0	1879
nheA_NZ_CP035997.1:c967684-966524	PS00142_15781	95.866	1161	48	0	1	1161	13367	12207	0.0	1879
nheA_NZ_CP035997.1:c967684-966524	PS00124_13092	95.866	1161	48	0	1	1161	4645	3485	0.0	1879
nheA_NZ_CP035997.1:c967684-966524	PS00111_9237	95.866	1161	48	0	1	1161	9313	10473	0.0	1879
nheA_NZ_CP035997.1:c967684-966524	PS00085_3551	95.866	1161	48	0	1	1161	20560	19400	0.0	1879
nheA_NZ_CP035997.1:c967684-966524	PS00049_1817	95.783	1162	47	2	1	1161	219570	220730	0.0	1873
nheA_NZ_CP035997.1:c967684-966524	PS00795_161330	95.607	1161	51	0	1	1161	6240	5080	0.0	1862
nheA_NZ_CP035997.1:c967684-966524	PS00558_124443	95.607	1161	51	0	1	1161	2982	1822	0.0	1862
nheA_NZ_CP035997.1:c967684-966524	PS00452_69138	95.607	1161	51	0	1	1161	35225	36385	0.0	1862
nheA_NZ_CP035997.1:c967684-966524	PS00208_22025	95.607	1161	51	0	1	1161	1011104	1012264	0.0	1862
nheA_NZ_CP035997.1:c967684-966524	PS00107_8670	95.607	1161	51	0	1	1161	1672354	1673514	0.0	1862
nheA_NZ_CP035997.1:c967684-966524	PS00090_5421	95.607	1161	51	0	1	1161	10026	8866	0.0	1862
nheA_NZ_CP035997.1:c967684-966524	PS00040_348	95.607	1161	51	0	1	1161	223797	224957	0.0	1862
nheA_NZ_CP035997.1:c967684-966524	PS00039_236	95.607	1161	51	0	1	1161	215205	216365	0.0	1862
nheA_NZ_CP035997.1:c967684-966524	PS00023_92	95.607	1161	51	0	1	1161	1765215	1766375	0.0	1862
nheA_NZ_CP035997.1:c967684-966524	PS00810_165307	95.521	1161	52	0	1	1161	123777	124937	0.0	1857
nheA_NZ_CP035997.1:c967684-966524	PS00807_164367	95.521	1161	52	0	1	1161	13503	12343	0.0	1857
nheA_NZ_CP035997.1:c967684-966524	PS00642_155320	95.521	1161	52	0	1	1161	148120	149280	0.0	1857
nheA_NZ_CP035997.1:c967684-966524	PS00641_155148	95.521	1161	52	0	1	1161	134454	133294	0.0	1857
nheA_NZ_CP035997.1:c967684-966524	PS00638_147381	95.521	1161	52	0	1	1161	46823	45663	0.0	1857
nheA_NZ_CP035997.1:c967684-966524	PS00597_143773	95.521	1161	52	0	1	1161	505	1665	0.0	1857
nheA_NZ_CP035997.1:c967684-966524	PS00567_129161	95.521	1161	52	0	1	1161	7030	8190	0.0	1857
nheA_NZ_CP035997.1:c967684-966524	PS00557_124252	95.521	1161	52	0	1	1161	238946	237786	0.0	1857
nheA_NZ_CP035997.1:c967684-966524	PS00542_115207	95.521	1161	52	0	1	1161	2516	1356	0.0	1857
nheA_NZ_CP035997.1:c967684-966524	PS00526_106985	95.521	1161	52	0	1	1161	3085	4245	0.0	1857
nheA_NZ_CP035997.1:c967684-966524	PS00516_98447	95.521	1161	52	0	1	1161	5884	4724	0.0	1857
nheA_NZ_CP035997.1:c967684-966524	PS00492_87222	95.525	1162	50	2	1	1161	3928	2768	0.0	1857
nheA_NZ_CP035997.1:c967684-966524	PS00489_85491	95.525	1162	50	2	1	1161	3928	2768	0.0	1857
nheA_NZ_CP035997.1:c967684-966524	PS00462_71467	95.521	1161	52	0	1	1161	102737	103897	0.0	1857
nheA_NZ_CP035997.1:c967684-966524	PS00434_51317	95.521	1161	52	0	1	1161	3469	2309	0.0	1857
nheA_NZ_CP035997.1:c967684-966524	PS00197_21622	95.521	1161	52	0	1	1161	16654	15494	0.0	1857
nheA_NZ_CP035997.1:c967684-966524	PS00191_20807	95.521	1161	52	0	1	1161	57509	58669	0.0	1857
nheA_NZ_CP035997.1:c967684-966524	PS00189_20311	95.521	1161	52	0	1	1161	265	1425	0.0	1857
nheA_NZ_CP035997.1:c967684-966524	PS00185_20012	95.521	1161	52	0	1	1161	96401	97561	0.0	1857
nheA_NZ_CP035997.1:c967684-966524	PS00163_19407	95.521	1161	52	0	1	1161	401132	402292	0.0	1857
nheA_NZ_CP035997.1:c967684-966524	PS00152_17926	95.521	1161	52	0	1	1161	9999	8839	0.0	1857
nheA_NZ_CP035997.1:c967684-966524	PS00143_16140	95.521	1161	52	0	1	1161	26608	25448	0.0	1857
nheA_NZ_CP035997.1:c967684-966524	PS00121_12081	95.521	1161	52	0	1	1161	280	1440	0.0	1857
nheA_NZ_CP035997.1:c967684-966524	PS00114_10291	95.521	1161	52	0	1	1161	35893	37053	0.0	1857
nheA_NZ_CP035997.1:c967684-966524	PS00094_6157	95.521	1161	52	0	1	1161	570377	571537	0.0	1857
nheA_NZ_CP035997.1:c967684-966524	PS00913_167122	95.435	1161	53	0	1	1161	559	1719	0.0	1851
nheA_NZ_CP035997.1:c967684-966524	PS00799_163290	95.435	1161	53	0	1	1161	48328	47168	0.0	1851
nheA_NZ_CP035997.1:c967684-966524	PS00797_161991	95.435	1161	53	0	1	1161	319	1479	0.0	1851
nheA_NZ_CP035997.1:c967684-966524	PS00793_161046	95.435	1161	53	0	1	1161	48149	49309	0.0	1851
nheA_NZ_CP035997.1:c967684-966524	PS00769_160150	95.435	1161	53	0	1	1161	3488	2328	0.0	1851
nheA_NZ_CP035997.1:c967684-966524	PS00643_159793	95.435	1161	53	0	1	1161	4070	5230	0.0	1851
nheA_NZ_CP035997.1:c967684-966524	PS00640_154654	95.435	1161	53	0	1	1161	3770	4930	0.0	1851
nheA_NZ_CP035997.1:c967684-966524	PS00572_132397	95.435	1161	53	0	1	1161	368	1528	0.0	1851
nheA_NZ_CP035997.1:c967684-966524	PS00566_129051	95.435	1161	53	0	1	1161	4047074	4045914	0.0	1851
nheA_NZ_CP035997.1:c967684-966524	PS00565_128163	95.435	1161	53	0	1	1161	4062	5222	0.0	1851
nheA_NZ_CP035997.1:c967684-966524	PS00562_125784	95.435	1161	53	0	1	1161	3931	2771	0.0	1851
nheA_NZ_CP035997.1:c967684-966524	PS00491_85792	95.435	1161	53	0	1	1161	5595	4435	0.0	1851
nheA_NZ_CP035997.1:c967684-966524	PS00466_72603	95.439	1162	51	2	1	1161	257	1417	0.0	1851
nheA_NZ_CP035997.1:c967684-966524	PS00207_21913	95.435	1161	53	0	1	1161	137153	135993	0.0	1851
nheA_NZ_CP035997.1:c967684-966524	PS00165_19548	95.435	1161	53	0	1	1161	122323	121163	0.0	1851
nheA_NZ_CP035997.1:c967684-966524	PS00145_16325	95.435	1161	53	0	1	1161	71577	70417	0.0	1851
nheA_NZ_CP035997.1:c967684-966524	PS00103_8156	95.435	1161	53	0	1	1161	5714	4554	0.0	1851
nheA_NZ_CP035997.1:c967684-966524	PS00809_164817	95.349	1161	54	0	1	1161	34310	35470	0.0	1845
nheA_NZ_CP035997.1:c967684-966524	PS00798_162634	95.349	1161	54	0	1	1161	5180	6340	0.0	1845
nheA_NZ_CP035997.1:c967684-966524	PS00792_160594	95.349	1161	54	0	1	1161	7020	8180	0.0	1845
nheA_NZ_CP035997.1:c967684-966524	PS00789_160313	95.349	1161	54	0	1	1161	13628	12468	0.0	1845
nheA_NZ_CP035997.1:c967684-966524	PS00620_147295	95.349	1161	54	0	1	1161	856452	857612	0.0	1845
nheA_NZ_CP035997.1:c967684-966524	PS00619_147138	95.349	1161	54	0	1	1161	16681	17841	0.0	1845
nheA_NZ_CP035997.1:c967684-966524	PS00591_143170	95.349	1161	54	0	1	1161	554	1714	0.0	1845
nheA_NZ_CP035997.1:c967684-966524	PS00590_141515	95.349	1161	54	0	1	1161	40690	41850	0.0	1845
nheA_NZ_CP035997.1:c967684-966524	PS00560_124644	95.349	1161	54	0	1	1161	42546	41386	0.0	1845
nheA_NZ_CP035997.1:c967684-966524	PS00552_122037	95.349	1161	54	0	1	1161	268	1428	0.0	1845
nheA_NZ_CP035997.1:c967684-966524	PS00547_119937	95.349	1161	54	0	1	1161	2890	1730	0.0	1845
nheA_NZ_CP035997.1:c967684-966524	PS00545_117767	95.349	1161	54	0	1	1161	38555	37395	0.0	1845
nheA_NZ_CP035997.1:c967684-966524	PS00444_65313	95.349	1161	54	0	1	1161	68311	69471	0.0	1845
nheA_NZ_CP035997.1:c967684-966524	PS00170_19716	95.349	1161	54	0	1	1161	245582	244422	0.0	1845
nheA_NZ_CP035997.1:c967684-966524	PS00159_18765	95.349	1161	54	0	1	1161	527172	526012	0.0	1845
nheA_NZ_CP035997.1:c967684-966524	PS00131_14502	95.349	1161	54	0	1	1161	68492	69652	0.0	1845
nheA_NZ_CP035997.1:c967684-966524	PS00091_5804	95.349	1161	54	0	1	1161	75827	76987	0.0	1845
nheA_NZ_CP035997.1:c967684-966524	PS00086_4143	95.349	1161	54	0	1	1161	8528	7368	0.0	1845
nheA_NZ_CP035997.1:c967684-966524	PS00079_2887	95.349	1161	54	0	1	1161	4349010	4350170	0.0	1845
nheA_NZ_CP035997.1:c967684-966524	PS00953_175894	95.267	1162	53	2	1	1161	10417	9257	0.0	1840
nheA_NZ_CP035997.1:c967684-966524	PS00923_174186	95.263	1161	55	0	1	1161	4424	3264	0.0	1840
nheA_NZ_CP035997.1:c967684-966524	PS00918_170731	95.263	1161	55	0	1	1161	4882	3722	0.0	1840
nheA_NZ_CP035997.1:c967684-966524	PS00917_170211	95.263	1161	55	0	1	1161	4569	3409	0.0	1840
nheA_NZ_CP035997.1:c967684-966524	PS00916_169435	95.263	1161	55	0	1	1161	4457	3297	0.0	1840
nheA_NZ_CP035997.1:c967684-966524	PS00915_167862	95.263	1161	55	0	1	1161	3793	2633	0.0	1840
nheA_NZ_CP035997.1:c967684-966524	PS00912_166869	95.263	1161	55	0	1	1161	30069	28909	0.0	1840
nheA_NZ_CP035997.1:c967684-966524	PS00911_166556	95.263	1161	55	0	1	1161	15633	16793	0.0	1840
nheA_NZ_CP035997.1:c967684-966524	PS00910_166186	95.263	1161	55	0	1	1161	194501	193341	0.0	1840
nheA_NZ_CP035997.1:c967684-966524	PS00429_44194	95.263	1161	55	0	1	1161	2952	1792	0.0	1840
nheA_NZ_CP035997.1:c967684-966524	PS00422_35623	95.263	1161	55	0	1	1161	6968	8128	0.0	1840
nheA_NZ_CP035997.1:c967684-966524	PS00153_18252	95.263	1161	55	0	1	1161	198961	200121	0.0	1840
nheA_NZ_CP035997.1:c967684-966524	PS00147_16688	95.263	1161	55	0	1	1161	4628	3468	0.0	1840
nheA_NZ_CP035997.1:c967684-966524	PS00115_10861	95.267	1162	53	2	1	1161	306	1466	0.0	1840
nheA_NZ_CP035997.1:c967684-966524	PS00110_8987	95.263	1161	55	0	1	1161	4841	3681	0.0	1840
nheA_NZ_CP035997.1:c967684-966524	PS00106_8583	95.263	1161	55	0	1	1161	1057666	1058826	0.0	1840
nheA_NZ_CP035997.1:c967684-966524	PS00101_7802	95.263	1161	55	0	1	1161	15211	16371	0.0	1840
nheA_NZ_CP035997.1:c967684-966524	PS00097_7073	95.267	1162	53	2	1	1161	41712	42872	0.0	1840
nheA_NZ_CP035997.1:c967684-966524	PS00095_6518	95.263	1161	55	0	1	1161	340	1500	0.0	1840
nheA_NZ_CP035997.1:c967684-966524	PS00092_5902	95.263	1161	55	0	1	1161	145601	144441	0.0	1840
nheA_NZ_CP035997.1:c967684-966524	PS00078_2662	95.263	1161	55	0	1	1161	4865	3705	0.0	1840
nheA_NZ_CP035997.1:c967684-966524	PS00920_171867	95.177	1161	56	0	1	1161	4628	3468	0.0	1834
nheA_NZ_CP035997.1:c967684-966524	PS00459_70655	95.177	1161	56	0	1	1161	5680	4520	0.0	1834
nheA_NZ_CP035997.1:c967684-966524	PS00451_67950	95.177	1161	56	0	1	1161	2933	1773	0.0	1834
nheA_NZ_CP035997.1:c967684-966524	PS00087_4730	95.177	1161	56	0	1	1161	58226	59386	0.0	1834
nheA_NZ_CP035997.1:c967684-966524	PS00042_764	95.177	1161	56	0	1	1161	293	1453	0.0	1834
nheA_NZ_CP035997.1:c967684-966524	PS00569_129511	95.090	1161	57	0	1	1161	70212	71372	0.0	1829
nheA_NZ_CP035997.1:c967684-966524	PS00196_21240	95.090	1161	57	0	1	1161	31881	30721	0.0	1829
nheA_NZ_CP035997.1:c967684-966524	PS00149_17145	95.090	1161	57	0	1	1161	473	1633	0.0	1829
nheA_NZ_CP035997.1:c967684-966524	PS00649_159989	95.004	1161	58	0	1	1161	28975	27815	0.0	1823
nheA_NZ_CP035997.1:c967684-966524	PS00579_136626	95.004	1161	58	0	1	1161	5181	6341	0.0	1823
nheA_NZ_CP035997.1:c967684-966524	PS00555_123896	95.004	1161	58	0	1	1161	246485	247645	0.0	1823
nheA_NZ_CP035997.1:c967684-966524	PS00511_95367	95.004	1161	58	0	1	1161	6016	4856	0.0	1823
nheA_NZ_CP035997.1:c967684-966524	PS00493_87630	95.004	1161	58	0	1	1161	3781	2621	0.0	1823
nheA_NZ_CP035997.1:c967684-966524	PS00481_81714	95.009	1162	56	2	1	1161	15910	14750	0.0	1823
nheA_NZ_CP035997.1:c967684-966524	PS00431_46402	95.004	1161	58	0	1	1161	72193	73353	0.0	1823
nheA_NZ_CP035997.1:c967684-966524	PS00427_42571	95.004	1161	58	0	1	1161	3525	2365	0.0	1823
nheA_NZ_CP035997.1:c967684-966524	PS00425_40171	95.004	1161	58	0	1	1161	3795	2635	0.0	1823
nheA_NZ_CP035997.1:c967684-966524	PS00424_39745	95.004	1161	58	0	1	1161	26215	25055	0.0	1823
nheA_NZ_CP035997.1:c967684-966524	PS00413_30727	95.004	1161	58	0	1	1161	211	1371	0.0	1823
nheA_NZ_CP035997.1:c967684-966524	PS00412_30078	95.004	1161	58	0	1	1161	77353	76193	0.0	1823
nheA_NZ_CP035997.1:c967684-966524	PS00411_29495	95.004	1161	58	0	1	1161	77353	76193	0.0	1823
nheA_NZ_CP035997.1:c967684-966524	PS00410_29050	95.004	1161	58	0	1	1161	77353	76193	0.0	1823
nheA_NZ_CP035997.1:c967684-966524	PS00409_26418	95.004	1161	58	0	1	1161	2955	1795	0.0	1823
nheA_NZ_CP035997.1:c967684-966524	PS00144_16237	95.004	1161	58	0	1	1161	72066	73226	0.0	1823
nheA_NZ_CP035997.1:c967684-966524	PS00132_14606	95.004	1161	58	0	1	1161	192237	191077	0.0	1823
nheA_NZ_CP035997.1:c967684-966524	PS00512_96068	94.918	1161	59	0	1	1161	153319	154479	0.0	1818
nheA_NZ_CP035997.1:c967684-966524	PS00504_91916	94.918	1161	59	0	1	1161	4119	2959	0.0	1818
nheA_NZ_CP035997.1:c967684-966524	PS00141_15427	94.918	1161	59	0	1	1161	211421	210261	0.0	1818
nheA_NZ_CP035997.1:c967684-966524	PS00100_7216	94.918	1161	59	0	1	1161	18618	17458	0.0	1818
nheA_NZ_CP035997.1:c967684-966524	PS00471_76232	94.832	1161	60	0	1	1161	2884	4044	0.0	1812
nheA_NZ_CP035997.1:c967684-966524	PS00122_12214	94.832	1161	60	0	1	1161	34965	33805	0.0	1812
nheA_NZ_CP035997.1:c967684-966524	PS00083_3320	94.832	1161	60	0	1	1161	1077316	1078476	0.0	1812
nheA_NZ_CP035997.1:c967684-966524	PS00468_74796	94.678	1165	58	3	1	1161	4186	5350	0.0	1805
nheA_NZ_CP035997.1:c967684-966524	PS00518_100913	94.574	1161	63	0	1	1161	4460	3300	0.0	1796
nheA_NZ_CP035997.1:c967684-966524	PS00517_98958	94.574	1161	63	0	1	1161	3227	2067	0.0	1796
nheA_NZ_CP035997.1:c967684-966524	PS00482_82328	94.578	1162	61	2	1	1161	1952	792	0.0	1796
nheA_NZ_CP035997.1:c967684-966524	PS00417_34902	94.574	1161	63	0	1	1161	817422	818582	0.0	1796
nheA_NZ_CP035997.1:c967684-966524	PS00546_118033	94.401	1161	65	0	1	1161	5282	6442	0.0	1784
nheA_NZ_CP035997.1:c967684-966524	PS00506_93833	94.401	1161	65	0	1	1161	4067	5227	0.0	1784
nheA_NZ_CP035997.1:c967684-966524	PS00505_93235	94.401	1161	65	0	1	1161	20347	19187	0.0	1784
nheA_NZ_CP035997.1:c967684-966524	PS00426_41209	94.401	1161	65	0	1	1161	2737	3897	0.0	1784
nheA_NZ_CP035997.1:c967684-966524	PS00420_35188	94.401	1161	65	0	1	1161	182993	181833	0.0	1784
nheA_NZ_CP035997.1:c967684-966524	PS00414_31944	94.401	1161	65	0	1	1161	3079	4239	0.0	1784
nheA_NZ_CP035997.1:c967684-966524	PS00108_8699	94.401	1161	65	0	1	1161	12074	10914	0.0	1784
nheA_NZ_CP035997.1:c967684-966524	PS00044_1295	94.401	1161	65	0	1	1161	74694	73534	0.0	1784
nheA_NZ_CP035997.1:c967684-966524	PS00096_6971	94.315	1161	66	0	1	1161	116663	115503	0.0	1779
nheA_NZ_CP035997.1:c967684-966524	PS00554_122688	94.229	1161	67	0	1	1161	4042	5202	0.0	1773
nheA_NZ_CP035997.1:c967684-966524	PS00483_82745	94.229	1161	67	0	1	1161	4052	5212	0.0	1773
nheA_NZ_CP035997.1:c967684-966524	PS00455_70089	94.229	1161	67	0	1	1161	116579	115419	0.0	1773
nheA_NZ_CP035997.1:c967684-966524	PS00082_2989	94.229	1161	67	0	1	1161	22941	21781	0.0	1773
nheA_NZ_CP035997.1:c967684-966524	PS00050_1976	94.229	1161	67	0	1	1161	164788	165948	0.0	1773
nheA_NZ_CP035997.1:c967684-966524	PS00457_70237	94.143	1161	68	0	1	1161	13363	12203	0.0	1768
nheA_NZ_CP035997.1:c967684-966524	PS00174_19912	94.143	1161	68	0	1	1161	179028	180188	0.0	1768
nheA_NZ_CP035997.1:c967684-966524	PS00164_19449	94.143	1161	68	0	1	1161	241270	240110	0.0	1768
nheA_NZ_CP035997.1:c967684-966524	PS00104_8421	94.143	1161	68	0	1	1161	241256	240096	0.0	1768
nheA_NZ_CP035997.1:c967684-966524	PS00088_5240	94.143	1161	68	0	1	1161	241271	240111	0.0	1768
nheA_NZ_CP035997.1:c967684-966524	PS00084_3406	94.143	1161	68	0	1	1161	178216	179376	0.0	1768
nheA_NZ_CP035997.1:c967684-966524	PS00012_90	94.143	1161	68	0	1	1161	1871468	1872628	0.0	1768
nheA_NZ_CP035997.1:c967684-966524	PS00564_126736	94.057	1161	69	0	1	1161	370	1530	0.0	1762
nheA_NZ_CP035997.1:c967684-966524	PS00416_34548	94.057	1161	69	0	1	1161	15484	14324	0.0	1762
nheA_NZ_CP035997.1:c967684-966524	PS00162_19332	94.057	1161	69	0	1	1161	48704	47544	0.0	1762
nheA_NZ_CP035997.1:c967684-966524	PS00156_18488	94.057	1161	69	0	1	1161	48718	47558	0.0	1762
nheA_NZ_CP035997.1:c967684-966524	PS00154_18394	94.057	1161	69	0	1	1161	48522	47362	0.0	1762
nheA_NZ_CP035997.1:c967684-966524	PS00133_14714	94.057	1161	69	0	1	1161	176981	178141	0.0	1762
nheA_NZ_CP035997.1:c967684-966524	PS00130_14425	94.057	1161	69	0	1	1161	302339	303499	0.0	1762
nheA_NZ_CP035997.1:c967684-966524	PS00118_11527	94.057	1161	69	0	1	1161	48704	47544	0.0	1762
nheA_NZ_CP035997.1:c967684-966524	PS00113_9952	94.057	1161	69	0	1	1161	709186	710346	0.0	1762
nheA_NZ_CP035997.1:c967684-966524	PS00047_1612	94.057	1161	69	0	1	1161	37814	38974	0.0	1762
nheA_NZ_CP035997.1:c967684-966524	PS00908_165847	93.981	1163	66	3	1	1161	26311	25151	0.0	1757
nheA_NZ_CP035997.1:c967684-966524	PS00576_133619	93.971	1161	70	0	1	1161	17645	16485	0.0	1757
nheA_NZ_CP035997.1:c967684-966524	PS00573_133236	93.971	1161	70	0	1	1161	10532	11692	0.0	1757
nheA_NZ_CP035997.1:c967684-966524	PS00494_88571	93.971	1161	70	0	1	1161	6910	5750	0.0	1757
nheA_NZ_CP035997.1:c967684-966524	PS00470_75428	93.971	1161	70	0	1	1161	299	1459	0.0	1757
nheA_NZ_CP035997.1:c967684-966524	PS00469_74944	93.971	1161	70	0	1	1161	59047	57887	0.0	1757
nheA_NZ_CP035997.1:c967684-966524	PS00467_74011	93.971	1161	70	0	1	1161	241	1401	0.0	1757
nheA_NZ_CP035997.1:c967684-966524	PS00443_65176	93.971	1161	70	0	1	1161	12135	13295	0.0	1757
nheA_NZ_CP035997.1:c967684-966524	PS00435_56205	93.971	1161	70	0	1	1161	3135	4295	0.0	1757
nheA_NZ_CP035997.1:c967684-966524	PS00150_17238	93.981	1163	66	3	1	1161	48718	47558	0.0	1757
nheA_NZ_CP035997.1:c967684-966524	PS00138_15369	93.971	1161	70	0	1	1161	63787	64947	0.0	1757
nheA_NZ_CP035997.1:c967684-966524	PS00036_102	93.971	1161	70	0	1	1161	44630	43470	0.0	1757
nheA_NZ_CP035997.1:c967684-966524	PS00009_2	93.971	1161	70	0	1	1161	48704	47544	0.0	1757
nheA_NZ_CP035997.1:c967684-966524	PS00570_130781	95.294	1105	52	0	1	1105	1105	1	0.0	1753
nheA_NZ_CP035997.1:c967684-966524	PS00418_35021	93.798	1161	72	0	1	1161	4102	2942	0.0	1746
nheA_NZ_CP035997.1:c967684-966524	PS00129_14284	93.798	1161	72	0	1	1161	139392	138232	0.0	1746
nheA_NZ_CP035997.1:c967684-966524	PS00529_109741	93.712	1161	73	0	1	1161	272	1432	0.0	1740
nheA_NZ_CP035997.1:c967684-966524	PS00474_77084	93.712	1161	73	0	1	1161	19562	18402	0.0	1740
nheA_NZ_CP035997.1:c967684-966524	PS00442_64154	93.712	1161	73	0	1	1161	2924	1764	0.0	1740
nheA_NZ_CP035997.1:c967684-966524	PS00161_19036	93.712	1161	73	0	1	1161	1698	2858	0.0	1740
nheA_NZ_CP035997.1:c967684-966524	PS00543_115728	93.626	1161	74	0	1	1161	7010	8170	0.0	1735
nheA_NZ_CP035997.1:c967684-966524	PS00445_65891	93.626	1161	74	0	1	1161	3067	1907	0.0	1735
nheA_NZ_CP035997.1:c967684-966524	PS00544_117390	95.325	1091	51	0	1	1091	260	1350	0.0	1733
nheA_NZ_CP035997.1:c967684-966524	PS00587_140391	93.540	1161	75	0	1	1161	22123	20963	0.0	1729
nheA_NZ_CP035997.1:c967684-966524	PS00127_14072	93.540	1161	75	0	1	1161	35133	36293	0.0	1729
nheA_NZ_CP035997.1:c967684-966524	PS00117_11446	93.540	1161	75	0	1	1161	29815	28655	0.0	1729
nheA_NZ_CP035997.1:c967684-966524	PS00046_1535	93.540	1161	75	0	1	1161	589146	587986	0.0	1729
nheA_NZ_CP035997.1:c967684-966524	PS00528_108789	93.454	1161	76	0	1	1161	16672	15512	0.0	1724
nheA_NZ_CP035997.1:c967684-966524	PS00500_89122	93.454	1161	76	0	1	1161	80541	81701	0.0	1724
nheA_NZ_CP035997.1:c967684-966524	PS00453_69650	93.454	1161	76	0	1	1161	291	1451	0.0	1724
nheA_NZ_CP035997.1:c967684-966524	PS00447_67448	93.454	1161	76	0	1	1161	61507	62667	0.0	1724
nheA_NZ_CP035997.1:c967684-966524	PS00438_58417	93.454	1161	76	0	1	1161	356717	355557	0.0	1724
nheA_NZ_CP035997.1:c967684-966524	PS00561_125494	95.300	1085	51	0	1	1085	1085	1	0.0	1722
nheA_NZ_CP035997.1:c967684-966524	PS00589_140936	93.368	1161	77	0	1	1161	5869	4709	0.0	1718
nheA_NZ_CP035997.1:c967684-966524	PS00588_140739	93.368	1161	77	0	1	1161	940733	939573	0.0	1718
nheA_NZ_CP035997.1:c967684-966524	PS00530_110088	93.368	1161	77	0	1	1161	79029	77869	0.0	1718
nheA_NZ_CP035997.1:c967684-966524	PS00525_106118	93.368	1161	77	0	1	1161	4401	3241	0.0	1718
nheA_NZ_CP035997.1:c967684-966524	PS00524_104544	93.368	1161	77	0	1	1161	1250	90	0.0	1718
nheA_NZ_CP035997.1:c967684-966524	PS00485_83454	93.368	1161	77	0	1	1161	11604	10444	0.0	1718
nheA_NZ_CP035997.1:c967684-966524	PS00446_67180	93.368	1161	77	0	1	1161	5883	4723	0.0	1718
nheA_NZ_CP035997.1:c967684-966524	PS00116_11338	93.368	1161	77	0	1	1161	239597	240757	0.0	1718
nheA_NZ_CP035997.1:c967684-966524	PS00051_2015	93.368	1161	77	0	1	1161	121920	123080	0.0	1718
nheA_NZ_CP035997.1:c967684-966524	PS00538_113729	93.282	1161	78	0	1	1161	5872	4712	0.0	1712
nheA_NZ_CP035997.1:c967684-966524	PS00532_110388	93.282	1161	78	0	1	1161	4412	3252	0.0	1712
nheA_NZ_CP035997.1:c967684-966524	PS00515_97759	93.282	1161	78	0	1	1161	13060	11900	0.0	1712
nheA_NZ_CP035997.1:c967684-966524	PS00513_96289	93.282	1161	78	0	1	1161	11597	10437	0.0	1712
nheA_NZ_CP035997.1:c967684-966524	PS00503_89558	93.282	1161	78	0	1	1161	3966	2806	0.0	1712
nheA_NZ_CP035997.1:c967684-966524	PS00157_18605	93.282	1161	78	0	1	1161	69044	70204	0.0	1712
nheA_NZ_CP035997.1:c967684-966524	PS00052_2169	93.282	1161	78	0	1	1161	121368	120208	0.0	1712
nheA_NZ_CP035997.1:c967684-966524	PS00463_71730	93.196	1161	79	0	1	1161	990063	988903	0.0	1707
nheA_NZ_CP035997.1:c967684-966524	PS00584_137832	93.109	1161	80	0	1	1161	18612	17452	0.0	1701
nheA_NZ_CP035997.1:c967684-966524	PS00436_56614	93.109	1161	80	0	1	1161	254	1414	0.0	1701
nheA_NZ_CP035997.1:c967684-966524	PS00430_46096	93.109	1161	80	0	1	1161	33683	32523	0.0	1701
nheA_NZ_CP035997.1:c967684-966524	PS00441_63700	93.023	1161	81	0	1	1161	203621	202461	0.0	1696
nheA_NZ_CP035997.1:c967684-966524	PS00401_25761	93.023	1161	81	0	1	1161	561628	560468	0.0	1696
nheA_NZ_CP035997.1:c967684-966524	PS00400_25563	93.023	1161	81	0	1	1161	3145	4305	0.0	1696
nheA_NZ_CP035997.1:c967684-966524	PS00397_23759	93.023	1161	81	0	1	1161	22690	21530	0.0	1696
nheA_NZ_CP035997.1:c967684-966524	PS00487_83844	92.937	1161	82	0	1	1161	468	1628	0.0	1690
nheA_NZ_CP035997.1:c967684-966524	PS00193_20975	92.851	1161	83	0	1	1161	9930	8770	0.0	1685
nheA_NZ_CP035997.1:c967684-966524	PS00048_1778	92.679	1161	85	0	1	1161	23694	22534	0.0	1674
nheA_NZ_CP035997.1:c967684-966524	PS00415_33542	95.014	1063	53	0	1	1063	1063	1	0.0	1670
nheA_NZ_CP035997.1:c967684-966524	PS00578_135059	95.234	1049	50	0	1	1049	393	1441	0.0	1661
nheA_NZ_CP035997.1:c967684-966524	PS00534_111497	93.137	1122	77	0	1	1122	1122	1	0.0	1646
nheA_NZ_CP035997.1:c967684-966524	PS00514_97394	93.885	1063	61	4	1	1061	1061	1	0.0	1600
nheA_NZ_CP035997.1:c967684-966524	PS00423_37722	92.812	1099	79	0	1	1099	1099	1	0.0	1592
nheA_NZ_CP035997.1:c967684-966524	PS00219_22710	93.289	1058	71	0	1	1058	1073	2130	0.0	1561
nheA_NZ_CP035997.1:c967684-966524	PS00585_138924	95.977	870	35	0	292	1161	2979	2110	0.0	1413
nheA_NZ_CP035997.1:c967684-966524	PS00077_2320	84.609	1163	175	4	1	1161	17836	18996	0.0	1153
# BLASTN 2.16.0+
# Query: nheA_NC_009674.1:1572292-1573455
# Database: /workdir/crp86/bc/bc_contigs.fasta
# Fields: query acc.ver, subject acc.ver, % identity, alignment length, mismatches, gap opens, q. start, q. end, s. start, s. end, evalue, bit score
# 179 hits found
nheA_NC_009674.1:1572292-1573455	PS00539_114278	99.914	1164	1	0	1	1164	1766	2929	0.0	2145
nheA_NC_009674.1:1572292-1573455	PS00536_113138	99.914	1164	1	0	1	1164	861743	862906	0.0	2145
nheA_NC_009674.1:1572292-1573455	PS00473_76909	99.914	1164	1	0	1	1164	38975	37812	0.0	2145
nheA_NC_009674.1:1572292-1573455	PS00399_25451	99.914	1164	1	0	1	1164	67333	66170	0.0	2145
nheA_NC_009674.1:1572292-1573455	PS00194_21229	99.914	1164	1	0	1	1164	1564637	1565800	0.0	2145
nheA_NC_009674.1:1572292-1573455	PS00537_113303	99.656	1164	4	0	1	1164	6746	5583	0.0	2128
nheA_NC_009674.1:1572292-1573455	PS00535_112684	99.656	1164	4	0	1	1164	1639	476	0.0	2128
nheA_NC_009674.1:1572292-1573455	PS00477_81227	99.656	1164	4	0	1	1164	38915	37752	0.0	2128
nheA_NC_009674.1:1572292-1573455	PS00540_114756	99.570	1164	5	0	1	1164	440	1603	0.0	2122
nheA_NC_009674.1:1572292-1573455	PS00077_2320	81.912	1161	206	3	1	1159	17836	18994	0.0	977
nheA_NC_009674.1:1572292-1573455	PS00913_167122	80.584	1164	216	10	1	1159	559	1717	0.0	889
nheA_NC_009674.1:1572292-1573455	PS00207_21913	80.584	1164	216	10	1	1159	137153	135995	0.0	889
nheA_NC_009674.1:1572292-1573455	PS00165_19548	80.584	1164	216	10	1	1159	122323	121165	0.0	889
nheA_NC_009674.1:1572292-1573455	PS00145_16325	80.584	1164	216	10	1	1159	71577	70419	0.0	889
nheA_NC_009674.1:1572292-1573455	PS00807_164367	80.446	1166	214	14	1	1159	13503	12345	0.0	878
nheA_NC_009674.1:1572292-1573455	PS00795_161330	80.446	1166	214	14	1	1159	6240	5082	0.0	878
nheA_NC_009674.1:1572292-1573455	PS00793_161046	80.446	1166	214	14	1	1159	48149	49307	0.0	878
nheA_NC_009674.1:1572292-1573455	PS00643_159793	80.446	1166	214	14	1	1159	4070	5228	0.0	878
nheA_NC_009674.1:1572292-1573455	PS00642_155320	80.446	1166	214	14	1	1159	148120	149278	0.0	878
nheA_NC_009674.1:1572292-1573455	PS00638_147381	80.446	1166	214	14	1	1159	46823	45665	0.0	878
nheA_NC_009674.1:1572292-1573455	PS00566_129051	80.446	1166	214	14	1	1159	4047074	4045916	0.0	878
nheA_NC_009674.1:1572292-1573455	PS00565_128163	80.446	1166	214	14	1	1159	4062	5220	0.0	878
nheA_NC_009674.1:1572292-1573455	PS00516_98447	80.446	1166	214	14	1	1159	5884	4726	0.0	878
nheA_NC_009674.1:1572292-1573455	PS00491_85792	80.446	1166	214	14	1	1159	5595	4437	0.0	878
nheA_NC_009674.1:1572292-1573455	PS00215_22110	80.412	1164	218	10	1	1159	1618335	1617177	0.0	878
nheA_NC_009674.1:1572292-1573455	PS00103_8156	80.446	1166	214	14	1	1159	5714	4556	0.0	878
nheA_NC_009674.1:1572292-1573455	PS00919_171381	80.326	1164	219	10	1	1159	3775	2617	0.0	872
nheA_NC_009674.1:1572292-1573455	PS00810_165307	80.360	1166	215	14	1	1159	123777	124935	0.0	872
nheA_NC_009674.1:1572292-1573455	PS00799_163290	80.360	1166	215	14	1	1159	48328	47170	0.0	872
nheA_NC_009674.1:1572292-1573455	PS00769_160150	80.360	1166	215	14	1	1159	3488	2330	0.0	872
nheA_NC_009674.1:1572292-1573455	PS00641_155148	80.360	1166	215	14	1	1159	134454	133296	0.0	872
nheA_NC_009674.1:1572292-1573455	PS00572_132397	80.360	1166	215	14	1	1159	368	1526	0.0	872
nheA_NC_009674.1:1572292-1573455	PS00567_129161	80.360	1166	215	14	1	1159	7030	8188	0.0	872
nheA_NC_009674.1:1572292-1573455	PS00562_125784	80.360	1166	215	14	1	1159	3931	2773	0.0	872
nheA_NC_009674.1:1572292-1573455	PS00557_124252	80.360	1166	215	14	1	1159	238946	237788	0.0	872
nheA_NC_009674.1:1572292-1573455	PS00542_115207	80.360	1166	215	14	1	1159	2516	1358	0.0	872
nheA_NC_009674.1:1572292-1573455	PS00119_11632	80.326	1164	219	10	1	1159	4878	3720	0.0	872
nheA_NC_009674.1:1572292-1573455	PS00094_6157	80.360	1166	215	14	1	1159	570377	571535	0.0	872
nheA_NC_009674.1:1572292-1573455	PS00809_164817	80.274	1166	216	14	1	1159	34310	35468	0.0	867
nheA_NC_009674.1:1572292-1573455	PS00798_162634	80.274	1166	216	14	1	1159	5180	6338	0.0	867
nheA_NC_009674.1:1572292-1573455	PS00792_160594	80.274	1166	216	14	1	1159	7020	8178	0.0	867
nheA_NC_009674.1:1572292-1573455	PS00789_160313	80.274	1166	216	14	1	1159	13628	12470	0.0	867
nheA_NC_009674.1:1572292-1573455	PS00640_154654	80.274	1166	216	14	1	1159	3770	4928	0.0	867
nheA_NC_009674.1:1572292-1573455	PS00620_147295	80.274	1166	216	14	1	1159	856452	857610	0.0	867
nheA_NC_009674.1:1572292-1573455	PS00619_147138	80.274	1166	216	14	1	1159	16681	17839	0.0	867
nheA_NC_009674.1:1572292-1573455	PS00591_143170	80.274	1166	216	14	1	1159	554	1712	0.0	867
nheA_NC_009674.1:1572292-1573455	PS00560_124644	80.274	1166	216	14	1	1159	42546	41388	0.0	867
nheA_NC_009674.1:1572292-1573455	PS00558_124443	80.274	1166	216	14	1	1159	2982	1824	0.0	867
nheA_NC_009674.1:1572292-1573455	PS00552_122037	80.274	1166	216	14	1	1159	268	1426	0.0	867
nheA_NC_009674.1:1572292-1573455	PS00545_117767	80.274	1166	216	14	1	1159	38555	37397	0.0	867
nheA_NC_009674.1:1572292-1573455	PS00418_35021	80.291	1167	214	16	1	1159	4102	2944	0.0	867
nheA_NC_009674.1:1572292-1573455	PS00091_5804	80.274	1166	216	14	1	1159	75827	76985	0.0	867
nheA_NC_009674.1:1572292-1573455	PS00079_2887	80.274	1166	216	14	1	1159	4349010	4350168	0.0	867
nheA_NC_009674.1:1572292-1573455	PS00494_88571	80.189	1166	217	14	1	1159	6910	5752	0.0	861
nheA_NC_009674.1:1572292-1573455	PS00470_75428	80.189	1166	217	14	1	1159	299	1457	0.0	861
nheA_NC_009674.1:1572292-1573455	PS00469_74944	80.189	1166	217	14	1	1159	59047	57889	0.0	861
nheA_NC_009674.1:1572292-1573455	PS00467_74011	80.189	1166	217	14	1	1159	241	1399	0.0	861
nheA_NC_009674.1:1572292-1573455	PS00466_72603	80.120	1162	225	6	1	1159	257	1415	0.0	861
nheA_NC_009674.1:1572292-1573455	PS00443_65176	80.189	1166	217	14	1	1159	12135	13293	0.0	861
nheA_NC_009674.1:1572292-1573455	PS00435_56205	80.189	1166	217	14	1	1159	3135	4293	0.0	861
nheA_NC_009674.1:1572292-1573455	PS00142_15781	80.155	1164	221	10	1	1159	13367	12209	0.0	861
nheA_NC_009674.1:1572292-1573455	PS00111_9237	80.155	1164	221	10	1	1159	9313	10471	0.0	861
nheA_NC_009674.1:1572292-1573455	PS00082_2989	80.206	1167	215	16	1	1159	22941	21783	0.0	861
nheA_NC_009674.1:1572292-1573455	PS00036_102	80.189	1166	217	14	1	1159	44630	43472	0.0	861
nheA_NC_009674.1:1572292-1573455	PS00500_89122	80.086	1165	220	12	1	1159	80541	81699	0.0	856
nheA_NC_009674.1:1572292-1573455	PS00576_133619	80.017	1166	219	14	1	1159	17645	16487	0.0	850
nheA_NC_009674.1:1572292-1573455	PS00573_133236	80.017	1166	219	14	1	1159	10532	11690	0.0	850
nheA_NC_009674.1:1572292-1573455	PS00047_1612	80.017	1166	219	14	1	1159	37814	38972	0.0	850
nheA_NC_009674.1:1572292-1573455	PS00457_70237	79.931	1166	220	14	1	1159	13363	12205	0.0	845
nheA_NC_009674.1:1572292-1573455	PS00447_67448	79.914	1165	222	11	1	1159	61507	62665	0.0	845
nheA_NC_009674.1:1572292-1573455	PS00518_100913	79.828	1165	223	12	1	1159	4460	3302	0.0	839
nheA_NC_009674.1:1572292-1573455	PS00517_98958	79.828	1165	223	12	1	1159	3227	2069	0.0	839
nheA_NC_009674.1:1572292-1573455	PS00157_18605	79.828	1165	223	12	1	1159	69044	70202	0.0	839
nheA_NC_009674.1:1572292-1573455	PS00050_1976	79.846	1166	221	14	1	1159	164788	165946	0.0	839
nheA_NC_009674.1:1572292-1573455	PS00589_140936	79.742	1165	224	12	1	1159	5869	4711	0.0	833
nheA_NC_009674.1:1572292-1573455	PS00588_140739	79.742	1165	224	12	1	1159	940733	939575	0.0	833
nheA_NC_009674.1:1572292-1573455	PS00587_140391	79.742	1165	224	12	1	1159	22123	20965	0.0	833
nheA_NC_009674.1:1572292-1573455	PS00525_106118	79.742	1165	224	12	1	1159	4401	3243	0.0	833
nheA_NC_009674.1:1572292-1573455	PS00524_104544	79.742	1165	224	12	1	1159	1250	92	0.0	833
nheA_NC_009674.1:1572292-1573455	PS00474_77084	79.760	1166	222	14	1	1159	19562	18404	0.0	833
nheA_NC_009674.1:1572292-1573455	PS00471_76232	79.777	1167	220	16	1	1159	2884	4042	0.0	833
nheA_NC_009674.1:1572292-1573455	PS00446_67180	79.742	1165	224	12	1	1159	5883	4725	0.0	833
nheA_NC_009674.1:1572292-1573455	PS00445_65891	79.742	1165	224	12	1	1159	3067	1909	0.0	833
nheA_NC_009674.1:1572292-1573455	PS00083_3320	79.777	1167	220	16	1	1159	1077316	1078474	0.0	833
nheA_NC_009674.1:1572292-1573455	PS00012_90	79.760	1166	222	14	1	1159	1871468	1872626	0.0	833
nheA_NC_009674.1:1572292-1573455	PS00529_109741	79.639	1164	227	10	1	1159	272	1430	0.0	828
nheA_NC_009674.1:1572292-1573455	PS00528_108789	79.657	1165	225	12	1	1159	16672	15514	0.0	828
nheA_NC_009674.1:1572292-1573455	PS00453_69650	79.657	1165	225	12	1	1159	291	1449	0.0	828
nheA_NC_009674.1:1572292-1573455	PS00416_34548	79.657	1165	225	12	1	1159	15484	14326	0.0	828
nheA_NC_009674.1:1572292-1573455	PS00162_19332	79.657	1165	225	12	1	1159	48704	47546	0.0	828
nheA_NC_009674.1:1572292-1573455	PS00156_18488	79.657	1165	225	12	1	1159	48718	47560	0.0	828
nheA_NC_009674.1:1572292-1573455	PS00154_18394	79.657	1165	225	12	1	1159	48522	47364	0.0	828
nheA_NC_009674.1:1572292-1573455	PS00133_14714	79.657	1165	225	12	1	1159	176981	178139	0.0	828
nheA_NC_009674.1:1572292-1573455	PS00130_14425	79.657	1165	225	12	1	1159	302339	303497	0.0	828
nheA_NC_009674.1:1572292-1573455	PS00118_11527	79.657	1165	225	12	1	1159	48704	47546	0.0	828
nheA_NC_009674.1:1572292-1573455	PS00113_9952	79.657	1165	225	12	1	1159	709186	710344	0.0	828
nheA_NC_009674.1:1572292-1573455	PS00046_1535	79.657	1165	225	12	1	1159	589146	587988	0.0	828
nheA_NC_009674.1:1572292-1573455	PS00561_125494	80.495	1092	199	14	1	1085	1085	1	0.0	824
nheA_NC_009674.1:1572292-1573455	PS00544_117390	80.437	1099	200	15	1	1092	260	1350	0.0	824
nheA_NC_009674.1:1572292-1573455	PS00908_165847	79.606	1167	222	15	1	1159	26311	25153	0.0	822
nheA_NC_009674.1:1572292-1573455	PS00564_126736	79.606	1167	222	16	1	1159	370	1528	0.0	822
nheA_NC_009674.1:1572292-1573455	PS00455_70089	79.571	1165	226	12	1	1159	116579	115421	0.0	822
nheA_NC_009674.1:1572292-1573455	PS00417_34902	79.606	1167	222	14	1	1159	817422	818580	0.0	822
nheA_NC_009674.1:1572292-1573455	PS00174_19912	79.571	1165	226	12	1	1159	179028	180186	0.0	822
nheA_NC_009674.1:1572292-1573455	PS00164_19449	79.571	1165	226	12	1	1159	241270	240112	0.0	822
nheA_NC_009674.1:1572292-1573455	PS00150_17238	79.606	1167	222	15	1	1159	48718	47560	0.0	822
nheA_NC_009674.1:1572292-1573455	PS00138_15369	79.606	1167	222	16	1	1159	63787	64945	0.0	822
nheA_NC_009674.1:1572292-1573455	PS00115_10861	79.553	1164	228	10	1	1159	306	1464	0.0	822
nheA_NC_009674.1:1572292-1573455	PS00104_8421	79.571	1165	226	12	1	1159	241256	240098	0.0	822
nheA_NC_009674.1:1572292-1573455	PS00096_6971	79.588	1166	224	14	1	1159	116663	115505	0.0	822
nheA_NC_009674.1:1572292-1573455	PS00088_5240	79.571	1165	226	12	1	1159	241271	240113	0.0	822
nheA_NC_009674.1:1572292-1573455	PS00084_3406	79.571	1165	226	12	1	1159	178216	179374	0.0	822
nheA_NC_009674.1:1572292-1573455	PS00009_2	79.571	1165	226	12	1	1159	48704	47546	0.0	822
nheA_NC_009674.1:1572292-1573455	PS00570_130781	80.346	1099	202	14	1	1092	1105	14	0.0	821
nheA_NC_009674.1:1572292-1573455	PS00468_74796	79.608	1172	217	17	1	1159	4186	5348	0.0	821
nheA_NC_009674.1:1572292-1573455	PS00953_175894	79.381	1164	230	10	1	1159	10417	9259	0.0	811
nheA_NC_009674.1:1572292-1573455	PS00487_83844	79.381	1164	230	10	1	1159	468	1626	0.0	811
nheA_NC_009674.1:1572292-1573455	PS00159_18765	79.381	1164	230	10	1	1159	527172	526014	0.0	811
nheA_NC_009674.1:1572292-1573455	PS00149_17145	79.381	1164	230	10	1	1159	473	1631	0.0	811
nheA_NC_009674.1:1572292-1573455	PS00129_14284	79.417	1166	226	14	1	1159	139392	138234	0.0	811
nheA_NC_009674.1:1572292-1573455	PS00097_7073	79.381	1164	230	10	1	1159	41712	42870	0.0	811
nheA_NC_009674.1:1572292-1573455	PS00923_174186	79.296	1164	231	10	1	1159	4424	3266	0.0	806
nheA_NC_009674.1:1572292-1573455	PS00918_170731	79.296	1164	231	10	1	1159	4882	3724	0.0	806
nheA_NC_009674.1:1572292-1573455	PS00917_170211	79.296	1164	231	10	1	1159	4569	3411	0.0	806
nheA_NC_009674.1:1572292-1573455	PS00916_169435	79.296	1164	231	10	1	1159	4457	3299	0.0	806
nheA_NC_009674.1:1572292-1573455	PS00915_167862	79.296	1164	231	10	1	1159	3793	2635	0.0	806
nheA_NC_009674.1:1572292-1573455	PS00912_166869	79.296	1164	231	10	1	1159	30069	28911	0.0	806
nheA_NC_009674.1:1572292-1573455	PS00911_166556	79.296	1164	231	10	1	1159	15633	16791	0.0	806
nheA_NC_009674.1:1572292-1573455	PS00584_137832	79.313	1165	229	12	1	1159	18612	17454	0.0	806
nheA_NC_009674.1:1572292-1573455	PS00442_64154	79.331	1166	227	14	1	1159	2924	1766	0.0	806
nheA_NC_009674.1:1572292-1573455	PS00441_63700	79.296	1164	231	10	1	1159	203621	202463	0.0	806
nheA_NC_009674.1:1572292-1573455	PS00438_58417	79.313	1165	229	12	1	1159	356717	355559	0.0	806
nheA_NC_009674.1:1572292-1573455	PS00436_56614	79.313	1165	229	12	1	1159	254	1412	0.0	806
nheA_NC_009674.1:1572292-1573455	PS00401_25761	79.296	1164	231	10	1	1159	561628	560470	0.0	806
nheA_NC_009674.1:1572292-1573455	PS00400_25563	79.296	1164	231	10	1	1159	3145	4303	0.0	806
nheA_NC_009674.1:1572292-1573455	PS00397_23759	79.296	1164	231	10	1	1159	22690	21532	0.0	806
nheA_NC_009674.1:1572292-1573455	PS00153_18252	79.296	1164	231	10	1	1159	198961	200119	0.0	806
nheA_NC_009674.1:1572292-1573455	PS00147_16688	79.296	1164	231	10	1	1159	4628	3470	0.0	806
nheA_NC_009674.1:1572292-1573455	PS00127_14072	79.313	1165	229	12	1	1159	35133	36291	0.0	806
nheA_NC_009674.1:1572292-1573455	PS00117_11446	79.313	1165	229	12	1	1159	29815	28657	0.0	806
nheA_NC_009674.1:1572292-1573455	PS00110_8987	79.296	1164	231	10	1	1159	4841	3683	0.0	806
nheA_NC_009674.1:1572292-1573455	PS00106_8583	79.296	1164	231	10	1	1159	1057666	1058824	0.0	806
nheA_NC_009674.1:1572292-1573455	PS00101_7802	79.296	1164	231	10	1	1159	15211	16369	0.0	806
nheA_NC_009674.1:1572292-1573455	PS00095_6518	79.296	1164	231	10	1	1159	340	1498	0.0	806
nheA_NC_009674.1:1572292-1573455	PS00092_5902	79.296	1164	231	10	1	1159	145601	144443	0.0	806
nheA_NC_009674.1:1572292-1573455	PS00078_2662	79.296	1164	231	10	1	1159	4865	3707	0.0	806
nheA_NC_009674.1:1572292-1573455	PS00922_172787	79.192	1163	234	8	1	1159	4461	3303	0.0	800
nheA_NC_009674.1:1572292-1573455	PS00920_171867	79.210	1164	232	10	1	1159	4628	3470	0.0	800
nheA_NC_009674.1:1572292-1573455	PS00124_13092	79.192	1163	234	8	1	1159	4645	3487	0.0	800
nheA_NC_009674.1:1572292-1573455	PS00085_3551	79.192	1163	234	8	1	1159	20560	19402	0.0	800
nheA_NC_009674.1:1572292-1573455	PS00538_113729	79.195	1168	225	17	1	1159	5872	4714	0.0	795
nheA_NC_009674.1:1572292-1573455	PS00532_110388	79.195	1168	225	17	1	1159	4412	3254	0.0	795
nheA_NC_009674.1:1572292-1573455	PS00546_118033	79.074	1166	230	14	1	1159	5282	6440	0.0	789
nheA_NC_009674.1:1572292-1573455	PS00530_110088	79.110	1168	226	17	1	1159	79029	77871	0.0	789
nheA_NC_009674.1:1572292-1573455	PS00515_97759	79.127	1169	224	18	1	1159	13060	11902	0.0	789
nheA_NC_009674.1:1572292-1573455	PS00506_93833	79.092	1167	228	16	1	1159	4067	5225	0.0	789
nheA_NC_009674.1:1572292-1573455	PS00505_93235	79.074	1166	230	14	1	1159	20347	19189	0.0	789
nheA_NC_009674.1:1572292-1573455	PS00485_83454	79.110	1168	226	17	1	1159	11604	10446	0.0	789
nheA_NC_009674.1:1572292-1573455	PS00430_46096	79.038	1164	234	10	1	1159	33683	32525	0.0	789
nheA_NC_009674.1:1572292-1573455	PS00426_41209	79.074	1166	230	14	1	1159	2737	3895	0.0	789
nheA_NC_009674.1:1572292-1573455	PS00420_35188	79.074	1166	230	14	1	1159	182993	181835	0.0	789
nheA_NC_009674.1:1572292-1573455	PS00414_31944	79.092	1167	228	16	1	1159	3079	4237	0.0	789
nheA_NC_009674.1:1572292-1573455	PS00116_11338	79.110	1168	226	17	1	1159	239597	240755	0.0	789
nheA_NC_009674.1:1572292-1573455	PS00108_8699	79.092	1167	228	16	1	1159	12074	10916	0.0	789
nheA_NC_009674.1:1572292-1573455	PS00052_2169	79.127	1169	224	18	1	1159	121368	120210	0.0	789
nheA_NC_009674.1:1572292-1573455	PS00051_2015	79.110	1168	226	17	1	1159	121920	123078	0.0	789
nheA_NC_009674.1:1572292-1573455	PS00048_1778	79.038	1164	234	10	1	1159	23694	22536	0.0	789
nheA_NC_009674.1:1572292-1573455	PS00514_97394	80.462	1039	193	10	1	1034	1061	28	0.0	785
nheA_NC_009674.1:1572292-1573455	PS00554_122688	79.006	1167	229	16	1	1159	4042	5200	0.0	784
nheA_NC_009674.1:1572292-1573455	PS00543_115728	78.952	1164	235	10	1	1159	7010	8168	0.0	784
nheA_NC_009674.1:1572292-1573455	PS00513_96289	79.024	1168	227	17	1	1159	11597	10439	0.0	784
nheA_NC_009674.1:1572292-1573455	PS00503_89558	79.024	1168	227	17	1	1159	3966	2808	0.0	784
nheA_NC_009674.1:1572292-1573455	PS00483_82745	79.006	1167	229	16	1	1159	4052	5210	0.0	784
nheA_NC_009674.1:1572292-1573455	PS00193_20975	78.970	1165	233	11	1	1159	9930	8772	0.0	784
nheA_NC_009674.1:1572292-1573455	PS00161_19036	78.970	1165	233	12	1	1159	1698	2856	0.0	784
nheA_NC_009674.1:1572292-1573455	PS00534_111497	79.218	1126	222	12	1	1120	1122	3	0.0	773
nheA_NC_009674.1:1572292-1573455	PS00463_71730	78.645	1166	235	14	1	1159	990063	988905	0.0	761
nheA_NC_009674.1:1572292-1573455	PS00219_22710	79.849	1057	199	14	1	1050	1073	2122	0.0	760
nheA_NC_009674.1:1572292-1573455	PS00423_37722	78.933	1087	219	10	1	1082	1099	18	0.0	730
# BLASTN 2.16.0+
# Query: nheA_NZ_CP032365.1:1781843-1783003
# Database: /workdir/crp86/bc/bc_contigs.fasta
# Fields: query acc.ver, subject acc.ver, % identity, alignment length, mismatches, gap opens, q. start, q. end, s. start, s. end, evalue, bit score
# 259 hits found
nheA_NZ_CP032365.1:1781843-1783003	PS00174_19912	100.000	1161	0	0	1	1161	179028	180188	0.0	2145
nheA_NZ_CP032365.1:1781843-1783003	PS00164_19449	100.000	1161	0	0	1	1161	241270	240110	0.0	2145
nheA_NZ_CP032365.1:1781843-1783003	PS00104_8421	100.000	1161	0	0	1	1161	241256	240096	0.0	2145
nheA_NZ_CP032365.1:1781843-1783003	PS00088_5240	100.000	1161	0	0	1	1161	241271	240111	0.0	2145
nheA_NZ_CP032365.1:1781843-1783003	PS00084_3406	100.000	1161	0	0	1	1161	178216	179376	0.0	2145
nheA_NZ_CP032365.1:1781843-1783003	PS00416_34548	99.914	1161	1	0	1	1161	15484	14324	0.0	2139
nheA_NZ_CP032365.1:1781843-1783003	PS00162_19332	99.914	1161	1	0	1	1161	48704	47544	0.0	2139
nheA_NZ_CP032365.1:1781843-1783003	PS00156_18488	99.914	1161	1	0	1	1161	48718	47558	0.0	2139
nheA_NZ_CP032365.1:1781843-1783003	PS00154_18394	99.914	1161	1	0	1	1161	48522	47362	0.0	2139
nheA_NZ_CP032365.1:1781843-1783003	PS00133_14714	99.914	1161	1	0	1	1161	176981	178141	0.0	2139
nheA_NZ_CP032365.1:1781843-1783003	PS00130_14425	99.914	1161	1	0	1	1161	302339	303499	0.0	2139
nheA_NZ_CP032365.1:1781843-1783003	PS00118_11527	99.914	1161	1	0	1	1161	48704	47544	0.0	2139
nheA_NZ_CP032365.1:1781843-1783003	PS00113_9952	99.914	1161	1	0	1	1161	709186	710346	0.0	2139
nheA_NZ_CP032365.1:1781843-1783003	PS00908_165847	99.828	1161	2	0	1	1161	26311	25151	0.0	2134
nheA_NZ_CP032365.1:1781843-1783003	PS00150_17238	99.828	1161	2	0	1	1161	48718	47558	0.0	2134
nheA_NZ_CP032365.1:1781843-1783003	PS00009_2	99.828	1161	2	0	1	1161	48704	47544	0.0	2134
nheA_NZ_CP032365.1:1781843-1783003	PS00417_34902	98.019	1161	23	0	1	1161	817422	818582	0.0	2017
nheA_NZ_CP032365.1:1781843-1783003	PS00468_74796	97.339	1165	27	1	1	1161	4186	5350	0.0	1977
nheA_NZ_CP032365.1:1781843-1783003	PS00096_6971	96.813	1161	37	0	1	1161	116663	115503	0.0	1940
nheA_NZ_CP032365.1:1781843-1783003	PS00546_118033	96.727	1161	38	0	1	1161	5282	6442	0.0	1934
nheA_NZ_CP032365.1:1781843-1783003	PS00506_93833	96.727	1161	38	0	1	1161	4067	5227	0.0	1934
nheA_NZ_CP032365.1:1781843-1783003	PS00505_93235	96.727	1161	38	0	1	1161	20347	19187	0.0	1934
nheA_NZ_CP032365.1:1781843-1783003	PS00455_70089	96.727	1161	38	0	1	1161	116579	115419	0.0	1934
nheA_NZ_CP032365.1:1781843-1783003	PS00426_41209	96.727	1161	38	0	1	1161	2737	3897	0.0	1934
nheA_NZ_CP032365.1:1781843-1783003	PS00420_35188	96.727	1161	38	0	1	1161	182993	181833	0.0	1934
nheA_NZ_CP032365.1:1781843-1783003	PS00414_31944	96.727	1161	38	0	1	1161	3079	4239	0.0	1934
nheA_NZ_CP032365.1:1781843-1783003	PS00108_8699	96.727	1161	38	0	1	1161	12074	10914	0.0	1934
nheA_NZ_CP032365.1:1781843-1783003	PS00564_126736	96.641	1161	39	0	1	1161	370	1530	0.0	1929
nheA_NZ_CP032365.1:1781843-1783003	PS00554_122688	96.555	1161	40	0	1	1161	4042	5202	0.0	1923
nheA_NZ_CP032365.1:1781843-1783003	PS00483_82745	96.555	1161	40	0	1	1161	4052	5212	0.0	1923
nheA_NZ_CP032365.1:1781843-1783003	PS00438_58417	96.296	1161	43	0	1	1161	356717	355557	0.0	1906
nheA_NZ_CP032365.1:1781843-1783003	PS00012_90	96.210	1161	44	0	1	1161	1871468	1872628	0.0	1901
nheA_NZ_CP032365.1:1781843-1783003	PS00050_1976	96.124	1161	45	0	1	1161	164788	165948	0.0	1895
nheA_NZ_CP032365.1:1781843-1783003	PS00494_88571	96.038	1161	46	0	1	1161	6910	5750	0.0	1890
nheA_NZ_CP032365.1:1781843-1783003	PS00470_75428	96.038	1161	46	0	1	1161	299	1459	0.0	1890
nheA_NZ_CP032365.1:1781843-1783003	PS00469_74944	96.038	1161	46	0	1	1161	59047	57887	0.0	1890
nheA_NZ_CP032365.1:1781843-1783003	PS00467_74011	96.038	1161	46	0	1	1161	241	1401	0.0	1890
nheA_NZ_CP032365.1:1781843-1783003	PS00463_71730	96.038	1161	46	0	1	1161	990063	988903	0.0	1890
nheA_NZ_CP032365.1:1781843-1783003	PS00457_70237	96.038	1161	46	0	1	1161	13363	12203	0.0	1890
nheA_NZ_CP032365.1:1781843-1783003	PS00443_65176	96.038	1161	46	0	1	1161	12135	13295	0.0	1890
nheA_NZ_CP032365.1:1781843-1783003	PS00435_56205	96.038	1161	46	0	1	1161	3135	4295	0.0	1890
nheA_NZ_CP032365.1:1781843-1783003	PS00036_102	96.038	1161	46	0	1	1161	44630	43470	0.0	1890
nheA_NZ_CP032365.1:1781843-1783003	PS00471_76232	95.952	1161	47	0	1	1161	2884	4044	0.0	1884
nheA_NZ_CP032365.1:1781843-1783003	PS00083_3320	95.952	1161	47	0	1	1161	1077316	1078476	0.0	1884
nheA_NZ_CP032365.1:1781843-1783003	PS00576_133619	95.866	1161	48	0	1	1161	17645	16485	0.0	1879
nheA_NZ_CP032365.1:1781843-1783003	PS00573_133236	95.866	1161	48	0	1	1161	10532	11692	0.0	1879
nheA_NZ_CP032365.1:1781843-1783003	PS00518_100913	95.866	1161	48	0	1	1161	4460	3300	0.0	1879
nheA_NZ_CP032365.1:1781843-1783003	PS00517_98958	95.866	1161	48	0	1	1161	3227	2067	0.0	1879
nheA_NZ_CP032365.1:1781843-1783003	PS00129_14284	95.780	1161	49	0	1	1161	139392	138232	0.0	1873
nheA_NZ_CP032365.1:1781843-1783003	PS00082_2989	95.780	1161	49	0	1	1161	22941	21781	0.0	1873
nheA_NZ_CP032365.1:1781843-1783003	PS00418_35021	95.693	1161	50	0	1	1161	4102	2942	0.0	1868
nheA_NZ_CP032365.1:1781843-1783003	PS00538_113729	95.607	1161	51	0	1	1161	5872	4712	0.0	1862
nheA_NZ_CP032365.1:1781843-1783003	PS00532_110388	95.607	1161	51	0	1	1161	4412	3252	0.0	1862
nheA_NZ_CP032365.1:1781843-1783003	PS00138_15369	95.607	1161	51	0	1	1161	63787	64947	0.0	1862
nheA_NZ_CP032365.1:1781843-1783003	PS00587_140391	95.521	1161	52	0	1	1161	22123	20963	0.0	1857
nheA_NZ_CP032365.1:1781843-1783003	PS00530_110088	95.521	1161	52	0	1	1161	79029	77869	0.0	1857
nheA_NZ_CP032365.1:1781843-1783003	PS00485_83454	95.521	1161	52	0	1	1161	11604	10444	0.0	1857
nheA_NZ_CP032365.1:1781843-1783003	PS00116_11338	95.521	1161	52	0	1	1161	239597	240757	0.0	1857
nheA_NZ_CP032365.1:1781843-1783003	PS00051_2015	95.521	1161	52	0	1	1161	121920	123080	0.0	1857
nheA_NZ_CP032365.1:1781843-1783003	PS00515_97759	95.435	1161	53	0	1	1161	13060	11900	0.0	1851
nheA_NZ_CP032365.1:1781843-1783003	PS00513_96289	95.435	1161	53	0	1	1161	11597	10437	0.0	1851
nheA_NZ_CP032365.1:1781843-1783003	PS00503_89558	95.435	1161	53	0	1	1161	3966	2806	0.0	1851
nheA_NZ_CP032365.1:1781843-1783003	PS00500_89122	95.435	1161	53	0	1	1161	80541	81701	0.0	1851
nheA_NZ_CP032365.1:1781843-1783003	PS00487_83844	95.435	1161	53	0	1	1161	468	1628	0.0	1851
nheA_NZ_CP032365.1:1781843-1783003	PS00052_2169	95.435	1161	53	0	1	1161	121368	120208	0.0	1851
nheA_NZ_CP032365.1:1781843-1783003	PS00504_91916	95.349	1161	54	0	1	1161	4119	2959	0.0	1845
nheA_NZ_CP032365.1:1781843-1783003	PS00447_67448	95.349	1161	54	0	1	1161	61507	62667	0.0	1845
nheA_NZ_CP032365.1:1781843-1783003	PS00441_63700	95.349	1161	54	0	1	1161	203621	202461	0.0	1845
nheA_NZ_CP032365.1:1781843-1783003	PS00401_25761	95.349	1161	54	0	1	1161	561628	560468	0.0	1845
nheA_NZ_CP032365.1:1781843-1783003	PS00400_25563	95.349	1161	54	0	1	1161	3145	4305	0.0	1845
nheA_NZ_CP032365.1:1781843-1783003	PS00397_23759	95.349	1161	54	0	1	1161	22690	21530	0.0	1845
nheA_NZ_CP032365.1:1781843-1783003	PS00161_19036	95.349	1161	54	0	1	1161	1698	2858	0.0	1845
nheA_NZ_CP032365.1:1781843-1783003	PS00543_115728	95.263	1161	55	0	1	1161	7010	8170	0.0	1840
nheA_NZ_CP032365.1:1781843-1783003	PS00445_65891	95.263	1161	55	0	1	1161	3067	1907	0.0	1840
nheA_NZ_CP032365.1:1781843-1783003	PS00047_1612	95.263	1161	55	0	1	1161	37814	38974	0.0	1840
nheA_NZ_CP032365.1:1781843-1783003	PS00442_64154	95.177	1161	56	0	1	1161	2924	1764	0.0	1834
nheA_NZ_CP032365.1:1781843-1783003	PS00430_46096	95.177	1161	56	0	1	1161	33683	32523	0.0	1834
nheA_NZ_CP032365.1:1781843-1783003	PS00429_44194	95.177	1161	56	0	1	1161	2952	1792	0.0	1834
nheA_NZ_CP032365.1:1781843-1783003	PS00422_35623	95.177	1161	56	0	1	1161	6968	8128	0.0	1834
nheA_NZ_CP032365.1:1781843-1783003	PS00193_20975	95.177	1161	56	0	1	1161	9930	8770	0.0	1834
nheA_NZ_CP032365.1:1781843-1783003	PS00529_109741	95.090	1161	57	0	1	1161	272	1432	0.0	1829
nheA_NZ_CP032365.1:1781843-1783003	PS00453_69650	95.090	1161	57	0	1	1161	291	1451	0.0	1829
nheA_NZ_CP032365.1:1781843-1783003	PS00797_161991	95.004	1161	58	0	1	1161	319	1479	0.0	1823
nheA_NZ_CP032365.1:1781843-1783003	PS00474_77084	95.004	1161	58	0	1	1161	19562	18402	0.0	1823
nheA_NZ_CP032365.1:1781843-1783003	PS00119_11632	95.004	1161	58	0	1	1161	4878	3718	0.0	1823
nheA_NZ_CP032365.1:1781843-1783003	PS00107_8670	95.004	1161	58	0	1	1161	1672354	1673514	0.0	1823
nheA_NZ_CP032365.1:1781843-1783003	PS00048_1778	95.004	1161	58	0	1	1161	23694	22534	0.0	1823
nheA_NZ_CP032365.1:1781843-1783003	PS00046_1535	95.004	1161	58	0	1	1161	589146	587986	0.0	1823
nheA_NZ_CP032365.1:1781843-1783003	PS00795_161330	94.918	1161	59	0	1	1161	6240	5080	0.0	1818
nheA_NZ_CP032365.1:1781843-1783003	PS00597_143773	94.918	1161	59	0	1	1161	505	1665	0.0	1818
nheA_NZ_CP032365.1:1781843-1783003	PS00584_137832	94.918	1161	59	0	1	1161	18612	17452	0.0	1818
nheA_NZ_CP032365.1:1781843-1783003	PS00436_56614	94.918	1161	59	0	1	1161	254	1414	0.0	1818
nheA_NZ_CP032365.1:1781843-1783003	PS00434_51317	94.918	1161	59	0	1	1161	3469	2309	0.0	1818
nheA_NZ_CP032365.1:1781843-1783003	PS00086_4143	94.918	1161	59	0	1	1161	8528	7368	0.0	1818
nheA_NZ_CP032365.1:1781843-1783003	PS00910_166186	94.832	1161	60	0	1	1161	194501	193341	0.0	1812
nheA_NZ_CP032365.1:1781843-1783003	PS00810_165307	94.832	1161	60	0	1	1161	123777	124937	0.0	1812
nheA_NZ_CP032365.1:1781843-1783003	PS00807_164367	94.832	1161	60	0	1	1161	13503	12343	0.0	1812
nheA_NZ_CP032365.1:1781843-1783003	PS00642_155320	94.832	1161	60	0	1	1161	148120	149280	0.0	1812
nheA_NZ_CP032365.1:1781843-1783003	PS00641_155148	94.832	1161	60	0	1	1161	134454	133294	0.0	1812
nheA_NZ_CP032365.1:1781843-1783003	PS00638_147381	94.832	1161	60	0	1	1161	46823	45663	0.0	1812
nheA_NZ_CP032365.1:1781843-1783003	PS00590_141515	94.832	1161	60	0	1	1161	40690	41850	0.0	1812
nheA_NZ_CP032365.1:1781843-1783003	PS00589_140936	94.832	1161	60	0	1	1161	5869	4709	0.0	1812
nheA_NZ_CP032365.1:1781843-1783003	PS00588_140739	94.832	1161	60	0	1	1161	940733	939573	0.0	1812
nheA_NZ_CP032365.1:1781843-1783003	PS00567_129161	94.832	1161	60	0	1	1161	7030	8190	0.0	1812
nheA_NZ_CP032365.1:1781843-1783003	PS00557_124252	94.832	1161	60	0	1	1161	238946	237786	0.0	1812
nheA_NZ_CP032365.1:1781843-1783003	PS00542_115207	94.832	1161	60	0	1	1161	2516	1356	0.0	1812
nheA_NZ_CP032365.1:1781843-1783003	PS00525_106118	94.832	1161	60	0	1	1161	4401	3241	0.0	1812
nheA_NZ_CP032365.1:1781843-1783003	PS00524_104544	94.832	1161	60	0	1	1161	1250	90	0.0	1812
nheA_NZ_CP032365.1:1781843-1783003	PS00516_98447	94.832	1161	60	0	1	1161	5884	4724	0.0	1812
nheA_NZ_CP032365.1:1781843-1783003	PS00446_67180	94.832	1161	60	0	1	1161	5883	4723	0.0	1812
nheA_NZ_CP032365.1:1781843-1783003	PS00142_15781	94.832	1161	60	0	1	1161	13367	12207	0.0	1812
nheA_NZ_CP032365.1:1781843-1783003	PS00127_14072	94.832	1161	60	0	1	1161	35133	36293	0.0	1812
nheA_NZ_CP032365.1:1781843-1783003	PS00117_11446	94.832	1161	60	0	1	1161	29815	28655	0.0	1812
nheA_NZ_CP032365.1:1781843-1783003	PS00111_9237	94.832	1161	60	0	1	1161	9313	10473	0.0	1812
nheA_NZ_CP032365.1:1781843-1783003	PS00094_6157	94.832	1161	60	0	1	1161	570377	571537	0.0	1812
nheA_NZ_CP032365.1:1781843-1783003	PS00799_163290	94.746	1161	61	0	1	1161	48328	47168	0.0	1807
nheA_NZ_CP032365.1:1781843-1783003	PS00793_161046	94.746	1161	61	0	1	1161	48149	49309	0.0	1807
nheA_NZ_CP032365.1:1781843-1783003	PS00769_160150	94.746	1161	61	0	1	1161	3488	2328	0.0	1807
nheA_NZ_CP032365.1:1781843-1783003	PS00643_159793	94.746	1161	61	0	1	1161	4070	5230	0.0	1807
nheA_NZ_CP032365.1:1781843-1783003	PS00640_154654	94.746	1161	61	0	1	1161	3770	4930	0.0	1807
nheA_NZ_CP032365.1:1781843-1783003	PS00572_132397	94.746	1161	61	0	1	1161	368	1528	0.0	1807
nheA_NZ_CP032365.1:1781843-1783003	PS00566_129051	94.746	1161	61	0	1	1161	4047074	4045914	0.0	1807
nheA_NZ_CP032365.1:1781843-1783003	PS00565_128163	94.746	1161	61	0	1	1161	4062	5222	0.0	1807
nheA_NZ_CP032365.1:1781843-1783003	PS00562_125784	94.746	1161	61	0	1	1161	3931	2771	0.0	1807
nheA_NZ_CP032365.1:1781843-1783003	PS00558_124443	94.746	1161	61	0	1	1161	2982	1822	0.0	1807
nheA_NZ_CP032365.1:1781843-1783003	PS00528_108789	94.746	1161	61	0	1	1161	16672	15512	0.0	1807
nheA_NZ_CP032365.1:1781843-1783003	PS00491_85792	94.746	1161	61	0	1	1161	5595	4435	0.0	1807
nheA_NZ_CP032365.1:1781843-1783003	PS00157_18605	94.746	1161	61	0	1	1161	69044	70204	0.0	1807
nheA_NZ_CP032365.1:1781843-1783003	PS00103_8156	94.746	1161	61	0	1	1161	5714	4554	0.0	1807
nheA_NZ_CP032365.1:1781843-1783003	PS00042_764	94.746	1161	61	0	1	1161	293	1453	0.0	1807
nheA_NZ_CP032365.1:1781843-1783003	PS00809_164817	94.660	1161	62	0	1	1161	34310	35470	0.0	1801
nheA_NZ_CP032365.1:1781843-1783003	PS00798_162634	94.660	1161	62	0	1	1161	5180	6340	0.0	1801
nheA_NZ_CP032365.1:1781843-1783003	PS00792_160594	94.660	1161	62	0	1	1161	7020	8180	0.0	1801
nheA_NZ_CP032365.1:1781843-1783003	PS00789_160313	94.660	1161	62	0	1	1161	13628	12468	0.0	1801
nheA_NZ_CP032365.1:1781843-1783003	PS00620_147295	94.660	1161	62	0	1	1161	856452	857612	0.0	1801
nheA_NZ_CP032365.1:1781843-1783003	PS00619_147138	94.660	1161	62	0	1	1161	16681	17841	0.0	1801
nheA_NZ_CP032365.1:1781843-1783003	PS00591_143170	94.660	1161	62	0	1	1161	554	1714	0.0	1801
nheA_NZ_CP032365.1:1781843-1783003	PS00560_124644	94.660	1161	62	0	1	1161	42546	41386	0.0	1801
nheA_NZ_CP032365.1:1781843-1783003	PS00552_122037	94.660	1161	62	0	1	1161	268	1428	0.0	1801
nheA_NZ_CP032365.1:1781843-1783003	PS00545_117767	94.660	1161	62	0	1	1161	38555	37395	0.0	1801
nheA_NZ_CP032365.1:1781843-1783003	PS00452_69138	94.660	1161	62	0	1	1161	35225	36385	0.0	1801
nheA_NZ_CP032365.1:1781843-1783003	PS00215_22110	94.660	1161	62	0	1	1161	1618335	1617175	0.0	1801
nheA_NZ_CP032365.1:1781843-1783003	PS00208_22025	94.660	1161	62	0	1	1161	1011104	1012264	0.0	1801
nheA_NZ_CP032365.1:1781843-1783003	PS00170_19716	94.660	1161	62	0	1	1161	245582	244422	0.0	1801
nheA_NZ_CP032365.1:1781843-1783003	PS00091_5804	94.660	1161	62	0	1	1161	75827	76987	0.0	1801
nheA_NZ_CP032365.1:1781843-1783003	PS00090_5421	94.660	1161	62	0	1	1161	10026	8866	0.0	1801
nheA_NZ_CP032365.1:1781843-1783003	PS00079_2887	94.660	1161	62	0	1	1161	4349010	4350170	0.0	1801
nheA_NZ_CP032365.1:1781843-1783003	PS00040_348	94.660	1161	62	0	1	1161	223797	224957	0.0	1801
nheA_NZ_CP032365.1:1781843-1783003	PS00039_236	94.660	1161	62	0	1	1161	215205	216365	0.0	1801
nheA_NZ_CP032365.1:1781843-1783003	PS00023_92	94.660	1161	62	0	1	1161	1765215	1766375	0.0	1801
nheA_NZ_CP032365.1:1781843-1783003	PS00569_129511	94.574	1161	63	0	1	1161	70212	71372	0.0	1796
nheA_NZ_CP032365.1:1781843-1783003	PS00526_106985	94.574	1161	63	0	1	1161	3085	4245	0.0	1796
nheA_NZ_CP032365.1:1781843-1783003	PS00462_71467	94.574	1161	63	0	1	1161	102737	103897	0.0	1796
nheA_NZ_CP032365.1:1781843-1783003	PS00451_67950	94.574	1161	63	0	1	1161	2933	1773	0.0	1796
nheA_NZ_CP032365.1:1781843-1783003	PS00197_21622	94.574	1161	63	0	1	1161	16654	15494	0.0	1796
nheA_NZ_CP032365.1:1781843-1783003	PS00191_20807	94.574	1161	63	0	1	1161	57509	58669	0.0	1796
nheA_NZ_CP032365.1:1781843-1783003	PS00189_20311	94.574	1161	63	0	1	1161	265	1425	0.0	1796
nheA_NZ_CP032365.1:1781843-1783003	PS00185_20012	94.574	1161	63	0	1	1161	96401	97561	0.0	1796
nheA_NZ_CP032365.1:1781843-1783003	PS00163_19407	94.574	1161	63	0	1	1161	401132	402292	0.0	1796
nheA_NZ_CP032365.1:1781843-1783003	PS00152_17926	94.574	1161	63	0	1	1161	9999	8839	0.0	1796
nheA_NZ_CP032365.1:1781843-1783003	PS00143_16140	94.574	1161	63	0	1	1161	26608	25448	0.0	1796
nheA_NZ_CP032365.1:1781843-1783003	PS00121_12081	94.574	1161	63	0	1	1161	280	1440	0.0	1796
nheA_NZ_CP032365.1:1781843-1783003	PS00114_10291	94.574	1161	63	0	1	1161	35893	37053	0.0	1796
nheA_NZ_CP032365.1:1781843-1783003	PS00922_172787	94.488	1161	64	0	1	1161	4461	3301	0.0	1790
nheA_NZ_CP032365.1:1781843-1783003	PS00913_167122	94.488	1161	64	0	1	1161	559	1719	0.0	1790
nheA_NZ_CP032365.1:1781843-1783003	PS00459_70655	94.488	1161	64	0	1	1161	5680	4520	0.0	1790
nheA_NZ_CP032365.1:1781843-1783003	PS00207_21913	94.488	1161	64	0	1	1161	137153	135993	0.0	1790
nheA_NZ_CP032365.1:1781843-1783003	PS00165_19548	94.488	1161	64	0	1	1161	122323	121163	0.0	1790
nheA_NZ_CP032365.1:1781843-1783003	PS00145_16325	94.488	1161	64	0	1	1161	71577	70417	0.0	1790
nheA_NZ_CP032365.1:1781843-1783003	PS00124_13092	94.488	1161	64	0	1	1161	4645	3485	0.0	1790
nheA_NZ_CP032365.1:1781843-1783003	PS00087_4730	94.488	1161	64	0	1	1161	58226	59386	0.0	1790
nheA_NZ_CP032365.1:1781843-1783003	PS00085_3551	94.488	1161	64	0	1	1161	20560	19400	0.0	1790
nheA_NZ_CP032365.1:1781843-1783003	PS00919_171381	94.411	1163	61	3	1	1161	3775	2615	0.0	1784
nheA_NZ_CP032365.1:1781843-1783003	PS00579_136626	94.401	1161	65	0	1	1161	5181	6341	0.0	1784
nheA_NZ_CP032365.1:1781843-1783003	PS00555_123896	94.401	1161	65	0	1	1161	246485	247645	0.0	1784
nheA_NZ_CP032365.1:1781843-1783003	PS00511_95367	94.401	1161	65	0	1	1161	6016	4856	0.0	1784
nheA_NZ_CP032365.1:1781843-1783003	PS00444_65313	94.401	1161	65	0	1	1161	68311	69471	0.0	1784
nheA_NZ_CP032365.1:1781843-1783003	PS00427_42571	94.401	1161	65	0	1	1161	3525	2365	0.0	1784
nheA_NZ_CP032365.1:1781843-1783003	PS00424_39745	94.401	1161	65	0	1	1161	26215	25055	0.0	1784
nheA_NZ_CP032365.1:1781843-1783003	PS00412_30078	94.401	1161	65	0	1	1161	77353	76193	0.0	1784
nheA_NZ_CP032365.1:1781843-1783003	PS00411_29495	94.401	1161	65	0	1	1161	77353	76193	0.0	1784
nheA_NZ_CP032365.1:1781843-1783003	PS00410_29050	94.401	1161	65	0	1	1161	77353	76193	0.0	1784
nheA_NZ_CP032365.1:1781843-1783003	PS00409_26418	94.401	1161	65	0	1	1161	2955	1795	0.0	1784
nheA_NZ_CP032365.1:1781843-1783003	PS00649_159989	94.315	1161	66	0	1	1161	28975	27815	0.0	1779
nheA_NZ_CP032365.1:1781843-1783003	PS00547_119937	94.315	1161	66	0	1	1161	2890	1730	0.0	1779
nheA_NZ_CP032365.1:1781843-1783003	PS00512_96068	94.315	1161	66	0	1	1161	153319	154479	0.0	1779
nheA_NZ_CP032365.1:1781843-1783003	PS00413_30727	94.315	1161	66	0	1	1161	211	1371	0.0	1779
nheA_NZ_CP032365.1:1781843-1783003	PS00190_20695	94.315	1161	66	0	1	1161	88463	87303	0.0	1779
nheA_NZ_CP032365.1:1781843-1783003	PS00141_15427	94.315	1161	66	0	1	1161	211421	210261	0.0	1779
nheA_NZ_CP032365.1:1781843-1783003	PS00132_14606	94.315	1161	66	0	1	1161	192237	191077	0.0	1779
nheA_NZ_CP032365.1:1781843-1783003	PS00131_14502	94.315	1161	66	0	1	1161	68492	69652	0.0	1779
nheA_NZ_CP032365.1:1781843-1783003	PS00100_7216	94.315	1161	66	0	1	1161	18618	17458	0.0	1779
nheA_NZ_CP032365.1:1781843-1783003	PS00914_167567	94.143	1161	68	0	1	1161	37001	35841	0.0	1768
nheA_NZ_CP032365.1:1781843-1783003	PS00151_17572	94.143	1161	68	0	1	1161	4593	3433	0.0	1768
nheA_NZ_CP032365.1:1781843-1783003	PS00120_11805	94.143	1161	68	0	1	1161	216999	215839	0.0	1768
nheA_NZ_CP032365.1:1781843-1783003	PS00493_87630	94.057	1161	69	0	1	1161	3781	2621	0.0	1762
nheA_NZ_CP032365.1:1781843-1783003	PS00431_46402	94.057	1161	69	0	1	1161	72193	73353	0.0	1762
nheA_NZ_CP032365.1:1781843-1783003	PS00425_40171	94.057	1161	69	0	1	1161	3795	2635	0.0	1762
nheA_NZ_CP032365.1:1781843-1783003	PS00144_16237	94.057	1161	69	0	1	1161	72066	73226	0.0	1762
nheA_NZ_CP032365.1:1781843-1783003	PS00112_9739	94.057	1161	69	0	1	1161	78670	79830	0.0	1762
nheA_NZ_CP032365.1:1781843-1783003	PS00924_175533	93.971	1161	70	0	1	1161	832835	833995	0.0	1757
nheA_NZ_CP032365.1:1781843-1783003	PS00921_172158	93.971	1161	70	0	1	1161	832832	833992	0.0	1757
nheA_NZ_CP032365.1:1781843-1783003	PS00466_72603	93.971	1161	70	0	1	1161	257	1417	0.0	1757
nheA_NZ_CP032365.1:1781843-1783003	PS00196_21240	93.971	1161	70	0	1	1161	31881	30721	0.0	1757
nheA_NZ_CP032365.1:1781843-1783003	PS00514_97394	96.513	1061	37	0	1	1061	1061	1	0.0	1755
nheA_NZ_CP032365.1:1781843-1783003	PS00122_12214	93.885	1161	71	0	1	1161	34965	33805	0.0	1751
nheA_NZ_CP032365.1:1781843-1783003	PS00115_10861	93.890	1162	69	2	1	1161	306	1466	0.0	1751
nheA_NZ_CP032365.1:1781843-1783003	PS00923_174186	93.804	1162	70	2	1	1161	4424	3264	0.0	1746
nheA_NZ_CP032365.1:1781843-1783003	PS00920_171867	93.804	1162	70	2	1	1161	4628	3468	0.0	1746
nheA_NZ_CP032365.1:1781843-1783003	PS00918_170731	93.804	1162	70	2	1	1161	4882	3722	0.0	1746
nheA_NZ_CP032365.1:1781843-1783003	PS00917_170211	93.804	1162	70	2	1	1161	4569	3409	0.0	1746
nheA_NZ_CP032365.1:1781843-1783003	PS00916_169435	93.804	1162	70	2	1	1161	4457	3297	0.0	1746
nheA_NZ_CP032365.1:1781843-1783003	PS00915_167862	93.804	1162	70	2	1	1161	3793	2633	0.0	1746
nheA_NZ_CP032365.1:1781843-1783003	PS00912_166869	93.804	1162	70	2	1	1161	30069	28909	0.0	1746
nheA_NZ_CP032365.1:1781843-1783003	PS00911_166556	93.804	1162	70	2	1	1161	15633	16793	0.0	1746
nheA_NZ_CP032365.1:1781843-1783003	PS00220_23608	93.798	1161	72	0	1	1161	368138	369298	0.0	1746
nheA_NZ_CP032365.1:1781843-1783003	PS00159_18765	93.804	1162	70	2	1	1161	527172	526012	0.0	1746
nheA_NZ_CP032365.1:1781843-1783003	PS00153_18252	93.804	1162	70	2	1	1161	198961	200121	0.0	1746
nheA_NZ_CP032365.1:1781843-1783003	PS00149_17145	93.804	1162	70	2	1	1161	473	1633	0.0	1746
nheA_NZ_CP032365.1:1781843-1783003	PS00147_16688	93.804	1162	70	2	1	1161	4628	3468	0.0	1746
nheA_NZ_CP032365.1:1781843-1783003	PS00110_8987	93.804	1162	70	2	1	1161	4841	3681	0.0	1746
nheA_NZ_CP032365.1:1781843-1783003	PS00106_8583	93.804	1162	70	2	1	1161	1057666	1058826	0.0	1746
nheA_NZ_CP032365.1:1781843-1783003	PS00105_8511	93.798	1161	72	0	1	1161	20711	21871	0.0	1746
nheA_NZ_CP032365.1:1781843-1783003	PS00101_7802	93.804	1162	70	2	1	1161	15211	16371	0.0	1746
nheA_NZ_CP032365.1:1781843-1783003	PS00095_6518	93.804	1162	70	2	1	1161	340	1500	0.0	1746
nheA_NZ_CP032365.1:1781843-1783003	PS00092_5902	93.804	1162	70	2	1	1161	145601	144441	0.0	1746
nheA_NZ_CP032365.1:1781843-1783003	PS00081_2890	93.798	1161	72	0	1	1161	302940	301780	0.0	1746
nheA_NZ_CP032365.1:1781843-1783003	PS00078_2662	93.804	1162	70	2	1	1161	4865	3705	0.0	1746
nheA_NZ_CP032365.1:1781843-1783003	PS00049_1817	93.798	1161	72	0	1	1161	219570	220730	0.0	1746
nheA_NZ_CP032365.1:1781843-1783003	PS00953_175894	93.718	1162	71	2	1	1161	10417	9257	0.0	1740
nheA_NZ_CP032365.1:1781843-1783003	PS00097_7073	93.718	1162	71	2	1	1161	41712	42872	0.0	1740
nheA_NZ_CP032365.1:1781843-1783003	PS00044_1295	93.712	1161	73	0	1	1161	74694	73534	0.0	1740
nheA_NZ_CP032365.1:1781843-1783003	PS00534_111497	94.474	1122	62	0	1	1122	1122	1	0.0	1729
nheA_NZ_CP032365.1:1781843-1783003	PS00045_1371	93.460	1162	74	2	1	1161	296482	297642	0.0	1724
nheA_NZ_CP032365.1:1781843-1783003	PS00423_37722	94.904	1099	56	0	1	1099	1099	1	0.0	1720
nheA_NZ_CP032365.1:1781843-1783003	PS00482_82328	93.368	1161	77	0	1	1161	1952	792	0.0	1718
nheA_NZ_CP032365.1:1781843-1783003	PS00570_130781	94.661	1105	59	0	1	1105	1105	1	0.0	1714
nheA_NZ_CP032365.1:1781843-1783003	PS00481_81714	93.282	1161	78	0	1	1161	15910	14750	0.0	1712
nheA_NZ_CP032365.1:1781843-1783003	PS00544_117390	94.684	1091	58	0	1	1091	260	1350	0.0	1694
nheA_NZ_CP032365.1:1781843-1783003	PS00561_125494	94.737	1083	57	0	1	1083	1085	3	0.0	1685
nheA_NZ_CP032365.1:1781843-1783003	PS00492_87222	92.851	1161	83	0	1	1161	3928	2768	0.0	1685
nheA_NZ_CP032365.1:1781843-1783003	PS00489_85491	92.851	1161	83	0	1	1161	3928	2768	0.0	1685
nheA_NZ_CP032365.1:1781843-1783003	PS00219_22710	94.707	1058	56	0	1	1058	1073	2130	0.0	1644
nheA_NZ_CP032365.1:1781843-1783003	PS00415_33542	94.262	1063	61	0	1	1063	1063	1	0.0	1626
nheA_NZ_CP032365.1:1781843-1783003	PS00578_135059	94.280	1049	60	0	1	1049	393	1441	0.0	1605
nheA_NZ_CP032365.1:1781843-1783003	PS00585_138924	94.598	870	47	0	292	1161	2979	2110	0.0	1347
nheA_NZ_CP032365.1:1781843-1783003	PS00077_2320	83.962	1166	177	9	1	1161	17836	18996	0.0	1109
nheA_NZ_CP032365.1:1781843-1783003	PS00537_113303	79.606	1167	222	15	1	1159	6746	5588	0.0	822
nheA_NZ_CP032365.1:1781843-1783003	PS00535_112684	79.606	1167	222	15	1	1159	1639	481	0.0	822
nheA_NZ_CP032365.1:1781843-1783003	PS00477_81227	79.606	1167	222	15	1	1159	38915	37757	0.0	822
nheA_NZ_CP032365.1:1781843-1783003	PS00540_114756	79.520	1167	223	15	1	1159	440	1598	0.0	817
nheA_NZ_CP032365.1:1781843-1783003	PS00539_114278	79.520	1167	223	15	1	1159	1766	2924	0.0	817
nheA_NZ_CP032365.1:1781843-1783003	PS00536_113138	79.520	1167	223	15	1	1159	861743	862901	0.0	817
nheA_NZ_CP032365.1:1781843-1783003	PS00473_76909	79.520	1167	223	15	1	1159	38975	37817	0.0	817
nheA_NZ_CP032365.1:1781843-1783003	PS00399_25451	79.520	1167	223	15	1	1159	67333	66175	0.0	817
nheA_NZ_CP032365.1:1781843-1783003	PS00194_21229	79.520	1167	223	15	1	1159	1564637	1565795	0.0	817
nheA_NZ_CP032365.1:1781843-1783003	PS00136_14973	76.616	1176	245	26	1	1161	62548	63708	1.31e-175	621
nheA_NZ_CP032365.1:1781843-1783003	PS00135_14963	76.616	1176	245	26	1	1161	1686182	1687342	1.31e-175	621
nheA_NZ_CP032365.1:1781843-1783003	PS00125_13360	76.616	1176	245	26	1	1161	575637	576797	1.31e-175	621
# BLASTN 2.16.0+
# Query: nheA_NZ_CP101135.1:1839485-1840645
# Database: /workdir/crp86/bc/bc_contigs.fasta
# Fields: query acc.ver, subject acc.ver, % identity, alignment length, mismatches, gap opens, q. start, q. end, s. start, s. end, evalue, bit score
# 256 hits found
nheA_NZ_CP101135.1:1839485-1840645	PS00500_89122	100.000	1161	0	0	1	1161	80541	81701	0.0	2145
nheA_NZ_CP101135.1:1839485-1840645	PS00445_65891	97.933	1161	24	0	1	1161	3067	1907	0.0	2012
nheA_NZ_CP101135.1:1839485-1840645	PS00127_14072	97.847	1161	25	0	1	1161	35133	36293	0.0	2006
nheA_NZ_CP101135.1:1839485-1840645	PS00117_11446	97.847	1161	25	0	1	1161	29815	28655	0.0	2006
nheA_NZ_CP101135.1:1839485-1840645	PS00046_1535	97.847	1161	25	0	1	1161	589146	587986	0.0	2006
nheA_NZ_CP101135.1:1839485-1840645	PS00529_109741	97.761	1161	26	0	1	1161	272	1432	0.0	2001
nheA_NZ_CP101135.1:1839485-1840645	PS00453_69650	97.761	1161	26	0	1	1161	291	1451	0.0	2001
nheA_NZ_CP101135.1:1839485-1840645	PS00494_88571	97.330	1161	31	0	1	1161	6910	5750	0.0	1973
nheA_NZ_CP101135.1:1839485-1840645	PS00470_75428	97.330	1161	31	0	1	1161	299	1459	0.0	1973
nheA_NZ_CP101135.1:1839485-1840645	PS00469_74944	97.330	1161	31	0	1	1161	59047	57887	0.0	1973
nheA_NZ_CP101135.1:1839485-1840645	PS00467_74011	97.330	1161	31	0	1	1161	241	1401	0.0	1973
nheA_NZ_CP101135.1:1839485-1840645	PS00443_65176	97.330	1161	31	0	1	1161	12135	13295	0.0	1973
nheA_NZ_CP101135.1:1839485-1840645	PS00435_56205	97.330	1161	31	0	1	1161	3135	4295	0.0	1973
nheA_NZ_CP101135.1:1839485-1840645	PS00036_102	97.330	1161	31	0	1	1161	44630	43470	0.0	1973
nheA_NZ_CP101135.1:1839485-1840645	PS00457_70237	97.158	1161	33	0	1	1161	13363	12203	0.0	1962
nheA_NZ_CP101135.1:1839485-1840645	PS00528_108789	97.071	1161	34	0	1	1161	16672	15512	0.0	1956
nheA_NZ_CP101135.1:1839485-1840645	PS00589_140936	96.985	1161	35	0	1	1161	5869	4709	0.0	1951
nheA_NZ_CP101135.1:1839485-1840645	PS00588_140739	96.985	1161	35	0	1	1161	940733	939573	0.0	1951
nheA_NZ_CP101135.1:1839485-1840645	PS00576_133619	96.985	1161	35	0	1	1161	17645	16485	0.0	1951
nheA_NZ_CP101135.1:1839485-1840645	PS00573_133236	96.985	1161	35	0	1	1161	10532	11692	0.0	1951
nheA_NZ_CP101135.1:1839485-1840645	PS00525_106118	96.985	1161	35	0	1	1161	4401	3241	0.0	1951
nheA_NZ_CP101135.1:1839485-1840645	PS00524_104544	96.985	1161	35	0	1	1161	1250	90	0.0	1951
nheA_NZ_CP101135.1:1839485-1840645	PS00446_67180	96.985	1161	35	0	1	1161	5883	4723	0.0	1951
nheA_NZ_CP101135.1:1839485-1840645	PS00157_18605	96.899	1161	36	0	1	1161	69044	70204	0.0	1945
nheA_NZ_CP101135.1:1839485-1840645	PS00082_2989	96.899	1161	36	0	1	1161	22941	21781	0.0	1945
nheA_NZ_CP101135.1:1839485-1840645	PS00047_1612	96.899	1161	36	0	1	1161	37814	38974	0.0	1945
nheA_NZ_CP101135.1:1839485-1840645	PS00487_83844	96.727	1161	38	0	1	1161	468	1628	0.0	1934
nheA_NZ_CP101135.1:1839485-1840645	PS00441_63700	96.641	1161	39	0	1	1161	203621	202461	0.0	1929
nheA_NZ_CP101135.1:1839485-1840645	PS00401_25761	96.641	1161	39	0	1	1161	561628	560468	0.0	1929
nheA_NZ_CP101135.1:1839485-1840645	PS00400_25563	96.641	1161	39	0	1	1161	3145	4305	0.0	1929
nheA_NZ_CP101135.1:1839485-1840645	PS00397_23759	96.641	1161	39	0	1	1161	22690	21530	0.0	1929
nheA_NZ_CP101135.1:1839485-1840645	PS00584_137832	96.382	1161	42	0	1	1161	18612	17452	0.0	1912
nheA_NZ_CP101135.1:1839485-1840645	PS00436_56614	96.382	1161	42	0	1	1161	254	1414	0.0	1912
nheA_NZ_CP101135.1:1839485-1840645	PS00193_20975	96.382	1161	42	0	1	1161	9930	8770	0.0	1912
nheA_NZ_CP101135.1:1839485-1840645	PS00161_19036	96.382	1161	42	0	1	1161	1698	2858	0.0	1912
nheA_NZ_CP101135.1:1839485-1840645	PS00048_1778	96.210	1161	44	0	1	1161	23694	22534	0.0	1901
nheA_NZ_CP101135.1:1839485-1840645	PS00543_115728	96.038	1161	46	0	1	1161	7010	8170	0.0	1890
nheA_NZ_CP101135.1:1839485-1840645	PS00430_46096	96.038	1161	46	0	1	1161	33683	32523	0.0	1890
nheA_NZ_CP101135.1:1839485-1840645	PS00417_34902	96.038	1161	46	0	1	1161	817422	818582	0.0	1890
nheA_NZ_CP101135.1:1839485-1840645	PS00538_113729	95.955	1162	45	2	1	1161	5872	4712	0.0	1884
nheA_NZ_CP101135.1:1839485-1840645	PS00532_110388	95.955	1162	45	2	1	1161	4412	3252	0.0	1884
nheA_NZ_CP101135.1:1839485-1840645	PS00442_64154	95.952	1161	47	0	1	1161	2924	1764	0.0	1884
nheA_NZ_CP101135.1:1839485-1840645	PS00418_35021	95.952	1161	47	0	1	1161	4102	2942	0.0	1884
nheA_NZ_CP101135.1:1839485-1840645	PS00534_111497	96.881	1122	35	0	1	1122	1122	1	0.0	1879
nheA_NZ_CP101135.1:1839485-1840645	PS00474_77084	95.866	1161	48	0	1	1161	19562	18402	0.0	1879
nheA_NZ_CP101135.1:1839485-1840645	PS00096_6971	95.866	1161	48	0	1	1161	116663	115503	0.0	1879
nheA_NZ_CP101135.1:1839485-1840645	PS00587_140391	95.780	1161	49	0	1	1161	22123	20963	0.0	1873
nheA_NZ_CP101135.1:1839485-1840645	PS00455_70089	95.780	1161	49	0	1	1161	116579	115419	0.0	1873
nheA_NZ_CP101135.1:1839485-1840645	PS00447_67448	95.693	1161	50	0	1	1161	61507	62667	0.0	1868
nheA_NZ_CP101135.1:1839485-1840645	PS00138_15369	95.693	1161	50	0	1	1161	63787	64947	0.0	1868
nheA_NZ_CP101135.1:1839485-1840645	PS00546_118033	95.607	1161	51	0	1	1161	5282	6442	0.0	1862
nheA_NZ_CP101135.1:1839485-1840645	PS00505_93235	95.607	1161	51	0	1	1161	20347	19187	0.0	1862
nheA_NZ_CP101135.1:1839485-1840645	PS00426_41209	95.607	1161	51	0	1	1161	2737	3897	0.0	1862
nheA_NZ_CP101135.1:1839485-1840645	PS00420_35188	95.607	1161	51	0	1	1161	182993	181833	0.0	1862
nheA_NZ_CP101135.1:1839485-1840645	PS00564_126736	95.521	1161	52	0	1	1161	370	1530	0.0	1857
nheA_NZ_CP101135.1:1839485-1840645	PS00416_34548	95.521	1161	52	0	1	1161	15484	14324	0.0	1857
nheA_NZ_CP101135.1:1839485-1840645	PS00162_19332	95.521	1161	52	0	1	1161	48704	47544	0.0	1857
nheA_NZ_CP101135.1:1839485-1840645	PS00156_18488	95.521	1161	52	0	1	1161	48718	47558	0.0	1857
nheA_NZ_CP101135.1:1839485-1840645	PS00154_18394	95.521	1161	52	0	1	1161	48522	47362	0.0	1857
nheA_NZ_CP101135.1:1839485-1840645	PS00133_14714	95.521	1161	52	0	1	1161	176981	178141	0.0	1857
nheA_NZ_CP101135.1:1839485-1840645	PS00130_14425	95.521	1161	52	0	1	1161	302339	303499	0.0	1857
nheA_NZ_CP101135.1:1839485-1840645	PS00129_14284	95.521	1161	52	0	1	1161	139392	138232	0.0	1857
nheA_NZ_CP101135.1:1839485-1840645	PS00118_11527	95.521	1161	52	0	1	1161	48704	47544	0.0	1857
nheA_NZ_CP101135.1:1839485-1840645	PS00113_9952	95.521	1161	52	0	1	1161	709186	710346	0.0	1857
nheA_NZ_CP101135.1:1839485-1840645	PS00468_74796	95.451	1165	49	1	1	1161	4186	5350	0.0	1855
nheA_NZ_CP101135.1:1839485-1840645	PS00908_165847	95.435	1161	53	0	1	1161	26311	25151	0.0	1851
nheA_NZ_CP101135.1:1839485-1840645	PS00518_100913	95.435	1161	53	0	1	1161	4460	3300	0.0	1851
nheA_NZ_CP101135.1:1839485-1840645	PS00517_98958	95.435	1161	53	0	1	1161	3227	2067	0.0	1851
nheA_NZ_CP101135.1:1839485-1840645	PS00174_19912	95.435	1161	53	0	1	1161	179028	180188	0.0	1851
nheA_NZ_CP101135.1:1839485-1840645	PS00164_19449	95.435	1161	53	0	1	1161	241270	240110	0.0	1851
nheA_NZ_CP101135.1:1839485-1840645	PS00150_17238	95.435	1161	53	0	1	1161	48718	47558	0.0	1851
nheA_NZ_CP101135.1:1839485-1840645	PS00104_8421	95.435	1161	53	0	1	1161	241256	240096	0.0	1851
nheA_NZ_CP101135.1:1839485-1840645	PS00088_5240	95.435	1161	53	0	1	1161	241271	240111	0.0	1851
nheA_NZ_CP101135.1:1839485-1840645	PS00084_3406	95.435	1161	53	0	1	1161	178216	179376	0.0	1851
nheA_NZ_CP101135.1:1839485-1840645	PS00009_2	95.435	1161	53	0	1	1161	48704	47544	0.0	1851
nheA_NZ_CP101135.1:1839485-1840645	PS00530_110088	95.353	1162	52	2	1	1161	79029	77869	0.0	1845
nheA_NZ_CP101135.1:1839485-1840645	PS00485_83454	95.353	1162	52	2	1	1161	11604	10444	0.0	1845
nheA_NZ_CP101135.1:1839485-1840645	PS00116_11338	95.353	1162	52	2	1	1161	239597	240757	0.0	1845
nheA_NZ_CP101135.1:1839485-1840645	PS00051_2015	95.353	1162	52	2	1	1161	121920	123080	0.0	1845
nheA_NZ_CP101135.1:1839485-1840645	PS00050_1976	95.349	1161	54	0	1	1161	164788	165948	0.0	1845
nheA_NZ_CP101135.1:1839485-1840645	PS00513_96289	95.267	1162	53	2	1	1161	11597	10437	0.0	1840
nheA_NZ_CP101135.1:1839485-1840645	PS00506_93833	95.263	1161	55	0	1	1161	4067	5227	0.0	1840
nheA_NZ_CP101135.1:1839485-1840645	PS00503_89558	95.267	1162	53	2	1	1161	3966	2806	0.0	1840
nheA_NZ_CP101135.1:1839485-1840645	PS00414_31944	95.263	1161	55	0	1	1161	3079	4239	0.0	1840
nheA_NZ_CP101135.1:1839485-1840645	PS00108_8699	95.263	1161	55	0	1	1161	12074	10914	0.0	1840
nheA_NZ_CP101135.1:1839485-1840645	PS00504_91916	95.177	1161	56	0	1	1161	4119	2959	0.0	1834
nheA_NZ_CP101135.1:1839485-1840645	PS00471_76232	95.177	1161	56	0	1	1161	2884	4044	0.0	1834
nheA_NZ_CP101135.1:1839485-1840645	PS00083_3320	95.177	1161	56	0	1	1161	1077316	1078476	0.0	1834
nheA_NZ_CP101135.1:1839485-1840645	PS00795_161330	95.090	1161	57	0	1	1161	6240	5080	0.0	1829
nheA_NZ_CP101135.1:1839485-1840645	PS00554_122688	95.090	1161	57	0	1	1161	4042	5202	0.0	1829
nheA_NZ_CP101135.1:1839485-1840645	PS00483_82745	95.090	1161	57	0	1	1161	4052	5212	0.0	1829
nheA_NZ_CP101135.1:1839485-1840645	PS00810_165307	95.004	1161	58	0	1	1161	123777	124937	0.0	1823
nheA_NZ_CP101135.1:1839485-1840645	PS00807_164367	95.004	1161	58	0	1	1161	13503	12343	0.0	1823
nheA_NZ_CP101135.1:1839485-1840645	PS00642_155320	95.004	1161	58	0	1	1161	148120	149280	0.0	1823
nheA_NZ_CP101135.1:1839485-1840645	PS00641_155148	95.004	1161	58	0	1	1161	134454	133294	0.0	1823
nheA_NZ_CP101135.1:1839485-1840645	PS00638_147381	95.004	1161	58	0	1	1161	46823	45663	0.0	1823
nheA_NZ_CP101135.1:1839485-1840645	PS00567_129161	95.004	1161	58	0	1	1161	7030	8190	0.0	1823
nheA_NZ_CP101135.1:1839485-1840645	PS00557_124252	95.004	1161	58	0	1	1161	238946	237786	0.0	1823
nheA_NZ_CP101135.1:1839485-1840645	PS00542_115207	95.004	1161	58	0	1	1161	2516	1356	0.0	1823
nheA_NZ_CP101135.1:1839485-1840645	PS00516_98447	95.004	1161	58	0	1	1161	5884	4724	0.0	1823
nheA_NZ_CP101135.1:1839485-1840645	PS00094_6157	95.004	1161	58	0	1	1161	570377	571537	0.0	1823
nheA_NZ_CP101135.1:1839485-1840645	PS00799_163290	94.918	1161	59	0	1	1161	48328	47168	0.0	1818
nheA_NZ_CP101135.1:1839485-1840645	PS00797_161991	94.918	1161	59	0	1	1161	319	1479	0.0	1818
nheA_NZ_CP101135.1:1839485-1840645	PS00793_161046	94.918	1161	59	0	1	1161	48149	49309	0.0	1818
nheA_NZ_CP101135.1:1839485-1840645	PS00769_160150	94.918	1161	59	0	1	1161	3488	2328	0.0	1818
nheA_NZ_CP101135.1:1839485-1840645	PS00643_159793	94.918	1161	59	0	1	1161	4070	5230	0.0	1818
nheA_NZ_CP101135.1:1839485-1840645	PS00640_154654	94.918	1161	59	0	1	1161	3770	4930	0.0	1818
nheA_NZ_CP101135.1:1839485-1840645	PS00572_132397	94.918	1161	59	0	1	1161	368	1528	0.0	1818
nheA_NZ_CP101135.1:1839485-1840645	PS00566_129051	94.918	1161	59	0	1	1161	4047074	4045914	0.0	1818
nheA_NZ_CP101135.1:1839485-1840645	PS00565_128163	94.918	1161	59	0	1	1161	4062	5222	0.0	1818
nheA_NZ_CP101135.1:1839485-1840645	PS00562_125784	94.918	1161	59	0	1	1161	3931	2771	0.0	1818
nheA_NZ_CP101135.1:1839485-1840645	PS00558_124443	94.918	1161	59	0	1	1161	2982	1822	0.0	1818
nheA_NZ_CP101135.1:1839485-1840645	PS00515_97759	94.918	1161	59	0	1	1161	13060	11900	0.0	1818
nheA_NZ_CP101135.1:1839485-1840645	PS00491_85792	94.918	1161	59	0	1	1161	5595	4435	0.0	1818
nheA_NZ_CP101135.1:1839485-1840645	PS00103_8156	94.918	1161	59	0	1	1161	5714	4554	0.0	1818
nheA_NZ_CP101135.1:1839485-1840645	PS00052_2169	94.918	1161	59	0	1	1161	121368	120208	0.0	1818
nheA_NZ_CP101135.1:1839485-1840645	PS00809_164817	94.832	1161	60	0	1	1161	34310	35470	0.0	1812
nheA_NZ_CP101135.1:1839485-1840645	PS00798_162634	94.832	1161	60	0	1	1161	5180	6340	0.0	1812
nheA_NZ_CP101135.1:1839485-1840645	PS00792_160594	94.832	1161	60	0	1	1161	7020	8180	0.0	1812
nheA_NZ_CP101135.1:1839485-1840645	PS00789_160313	94.832	1161	60	0	1	1161	13628	12468	0.0	1812
nheA_NZ_CP101135.1:1839485-1840645	PS00620_147295	94.832	1161	60	0	1	1161	856452	857612	0.0	1812
nheA_NZ_CP101135.1:1839485-1840645	PS00619_147138	94.832	1161	60	0	1	1161	16681	17841	0.0	1812
nheA_NZ_CP101135.1:1839485-1840645	PS00591_143170	94.832	1161	60	0	1	1161	554	1714	0.0	1812
nheA_NZ_CP101135.1:1839485-1840645	PS00560_124644	94.832	1161	60	0	1	1161	42546	41386	0.0	1812
nheA_NZ_CP101135.1:1839485-1840645	PS00552_122037	94.832	1161	60	0	1	1161	268	1428	0.0	1812
nheA_NZ_CP101135.1:1839485-1840645	PS00545_117767	94.832	1161	60	0	1	1161	38555	37395	0.0	1812
nheA_NZ_CP101135.1:1839485-1840645	PS00438_58417	94.832	1161	60	0	1	1161	356717	355557	0.0	1812
nheA_NZ_CP101135.1:1839485-1840645	PS00091_5804	94.832	1161	60	0	1	1161	75827	76987	0.0	1812
nheA_NZ_CP101135.1:1839485-1840645	PS00079_2887	94.832	1161	60	0	1	1161	4349010	4350170	0.0	1812
nheA_NZ_CP101135.1:1839485-1840645	PS00590_141515	94.746	1161	61	0	1	1161	40690	41850	0.0	1807
nheA_NZ_CP101135.1:1839485-1840645	PS00444_65313	94.746	1161	61	0	1	1161	68311	69471	0.0	1807
nheA_NZ_CP101135.1:1839485-1840645	PS00429_44194	94.746	1161	61	0	1	1161	2952	1792	0.0	1807
nheA_NZ_CP101135.1:1839485-1840645	PS00422_35623	94.746	1161	61	0	1	1161	6968	8128	0.0	1807
nheA_NZ_CP101135.1:1839485-1840645	PS00208_22025	94.746	1161	61	0	1	1161	1011104	1012264	0.0	1807
nheA_NZ_CP101135.1:1839485-1840645	PS00107_8670	94.746	1161	61	0	1	1161	1672354	1673514	0.0	1807
nheA_NZ_CP101135.1:1839485-1840645	PS00086_4143	94.746	1161	61	0	1	1161	8528	7368	0.0	1807
nheA_NZ_CP101135.1:1839485-1840645	PS00910_166186	94.660	1161	62	0	1	1161	194501	193341	0.0	1801
nheA_NZ_CP101135.1:1839485-1840645	PS00597_143773	94.660	1161	62	0	1	1161	505	1665	0.0	1801
nheA_NZ_CP101135.1:1839485-1840645	PS00569_129511	94.660	1161	62	0	1	1161	70212	71372	0.0	1801
nheA_NZ_CP101135.1:1839485-1840645	PS00451_67950	94.660	1161	62	0	1	1161	2933	1773	0.0	1801
nheA_NZ_CP101135.1:1839485-1840645	PS00434_51317	94.660	1161	62	0	1	1161	3469	2309	0.0	1801
nheA_NZ_CP101135.1:1839485-1840645	PS00189_20311	94.660	1161	62	0	1	1161	265	1425	0.0	1801
nheA_NZ_CP101135.1:1839485-1840645	PS00163_19407	94.660	1161	62	0	1	1161	401132	402292	0.0	1801
nheA_NZ_CP101135.1:1839485-1840645	PS00012_90	94.660	1161	62	0	1	1161	1871468	1872628	0.0	1801
nheA_NZ_CP101135.1:1839485-1840645	PS00547_119937	94.574	1161	63	0	1	1161	2890	1730	0.0	1796
nheA_NZ_CP101135.1:1839485-1840645	PS00512_96068	94.574	1161	63	0	1	1161	153319	154479	0.0	1796
nheA_NZ_CP101135.1:1839485-1840645	PS00459_70655	94.574	1161	63	0	1	1161	5680	4520	0.0	1796
nheA_NZ_CP101135.1:1839485-1840645	PS00452_69138	94.574	1161	63	0	1	1161	35225	36385	0.0	1796
nheA_NZ_CP101135.1:1839485-1840645	PS00141_15427	94.574	1161	63	0	1	1161	211421	210261	0.0	1796
nheA_NZ_CP101135.1:1839485-1840645	PS00131_14502	94.574	1161	63	0	1	1161	68492	69652	0.0	1796
nheA_NZ_CP101135.1:1839485-1840645	PS00100_7216	94.574	1161	63	0	1	1161	18618	17458	0.0	1796
nheA_NZ_CP101135.1:1839485-1840645	PS00090_5421	94.574	1161	63	0	1	1161	10026	8866	0.0	1796
nheA_NZ_CP101135.1:1839485-1840645	PS00087_4730	94.574	1161	63	0	1	1161	58226	59386	0.0	1796
nheA_NZ_CP101135.1:1839485-1840645	PS00040_348	94.574	1161	63	0	1	1161	223797	224957	0.0	1796
nheA_NZ_CP101135.1:1839485-1840645	PS00039_236	94.574	1161	63	0	1	1161	215205	216365	0.0	1796
nheA_NZ_CP101135.1:1839485-1840645	PS00023_92	94.574	1161	63	0	1	1161	1765215	1766375	0.0	1796
nheA_NZ_CP101135.1:1839485-1840645	PS00579_136626	94.488	1161	64	0	1	1161	5181	6341	0.0	1790
nheA_NZ_CP101135.1:1839485-1840645	PS00555_123896	94.488	1161	64	0	1	1161	246485	247645	0.0	1790
nheA_NZ_CP101135.1:1839485-1840645	PS00526_106985	94.488	1161	64	0	1	1161	3085	4245	0.0	1790
nheA_NZ_CP101135.1:1839485-1840645	PS00511_95367	94.488	1161	64	0	1	1161	6016	4856	0.0	1790
nheA_NZ_CP101135.1:1839485-1840645	PS00462_71467	94.488	1161	64	0	1	1161	102737	103897	0.0	1790
nheA_NZ_CP101135.1:1839485-1840645	PS00427_42571	94.488	1161	64	0	1	1161	3525	2365	0.0	1790
nheA_NZ_CP101135.1:1839485-1840645	PS00424_39745	94.488	1161	64	0	1	1161	26215	25055	0.0	1790
nheA_NZ_CP101135.1:1839485-1840645	PS00412_30078	94.488	1161	64	0	1	1161	77353	76193	0.0	1790
nheA_NZ_CP101135.1:1839485-1840645	PS00411_29495	94.488	1161	64	0	1	1161	77353	76193	0.0	1790
nheA_NZ_CP101135.1:1839485-1840645	PS00410_29050	94.488	1161	64	0	1	1161	77353	76193	0.0	1790
nheA_NZ_CP101135.1:1839485-1840645	PS00409_26418	94.488	1161	64	0	1	1161	2955	1795	0.0	1790
nheA_NZ_CP101135.1:1839485-1840645	PS00197_21622	94.488	1161	64	0	1	1161	16654	15494	0.0	1790
nheA_NZ_CP101135.1:1839485-1840645	PS00191_20807	94.488	1161	64	0	1	1161	57509	58669	0.0	1790
nheA_NZ_CP101135.1:1839485-1840645	PS00185_20012	94.488	1161	64	0	1	1161	96401	97561	0.0	1790
nheA_NZ_CP101135.1:1839485-1840645	PS00152_17926	94.488	1161	64	0	1	1161	9999	8839	0.0	1790
nheA_NZ_CP101135.1:1839485-1840645	PS00143_16140	94.488	1161	64	0	1	1161	26608	25448	0.0	1790
nheA_NZ_CP101135.1:1839485-1840645	PS00121_12081	94.488	1161	64	0	1	1161	280	1440	0.0	1790
nheA_NZ_CP101135.1:1839485-1840645	PS00114_10291	94.488	1161	64	0	1	1161	35893	37053	0.0	1790
nheA_NZ_CP101135.1:1839485-1840645	PS00042_764	94.488	1161	64	0	1	1161	293	1453	0.0	1790
nheA_NZ_CP101135.1:1839485-1840645	PS00649_159989	94.401	1161	65	0	1	1161	28975	27815	0.0	1784
nheA_NZ_CP101135.1:1839485-1840645	PS00463_71730	94.401	1161	65	0	1	1161	990063	988903	0.0	1784
nheA_NZ_CP101135.1:1839485-1840645	PS00413_30727	94.401	1161	65	0	1	1161	211	1371	0.0	1784
nheA_NZ_CP101135.1:1839485-1840645	PS00170_19716	94.401	1161	65	0	1	1161	245582	244422	0.0	1784
nheA_NZ_CP101135.1:1839485-1840645	PS00132_14606	94.401	1161	65	0	1	1161	192237	191077	0.0	1784
nheA_NZ_CP101135.1:1839485-1840645	PS00119_11632	94.401	1161	65	0	1	1161	4878	3718	0.0	1784
nheA_NZ_CP101135.1:1839485-1840645	PS00493_87630	94.315	1161	66	0	1	1161	3781	2621	0.0	1779
nheA_NZ_CP101135.1:1839485-1840645	PS00431_46402	94.315	1161	66	0	1	1161	72193	73353	0.0	1779
nheA_NZ_CP101135.1:1839485-1840645	PS00425_40171	94.315	1161	66	0	1	1161	3795	2635	0.0	1779
nheA_NZ_CP101135.1:1839485-1840645	PS00144_16237	94.315	1161	66	0	1	1161	72066	73226	0.0	1779
nheA_NZ_CP101135.1:1839485-1840645	PS00423_37722	95.814	1099	46	0	1	1099	1099	1	0.0	1775
nheA_NZ_CP101135.1:1839485-1840645	PS00196_21240	94.229	1161	67	0	1	1161	31881	30721	0.0	1773
nheA_NZ_CP101135.1:1839485-1840645	PS00122_12214	94.229	1161	67	0	1	1161	34965	33805	0.0	1773
nheA_NZ_CP101135.1:1839485-1840645	PS00922_172787	94.057	1161	69	0	1	1161	4461	3301	0.0	1762
nheA_NZ_CP101135.1:1839485-1840645	PS00919_171381	94.057	1161	69	0	1	1161	3775	2615	0.0	1762
nheA_NZ_CP101135.1:1839485-1840645	PS00124_13092	94.057	1161	69	0	1	1161	4645	3485	0.0	1762
nheA_NZ_CP101135.1:1839485-1840645	PS00085_3551	94.057	1161	69	0	1	1161	20560	19400	0.0	1762
nheA_NZ_CP101135.1:1839485-1840645	PS00142_15781	93.971	1161	70	0	1	1161	13367	12207	0.0	1757
nheA_NZ_CP101135.1:1839485-1840645	PS00111_9237	93.971	1161	70	0	1	1161	9313	10473	0.0	1757
nheA_NZ_CP101135.1:1839485-1840645	PS00215_22110	93.885	1161	71	0	1	1161	1618335	1617175	0.0	1751
nheA_NZ_CP101135.1:1839485-1840645	PS00924_175533	93.712	1161	73	0	1	1161	832835	833995	0.0	1740
nheA_NZ_CP101135.1:1839485-1840645	PS00921_172158	93.712	1161	73	0	1	1161	832832	833992	0.0	1740
nheA_NZ_CP101135.1:1839485-1840645	PS00190_20695	93.712	1161	73	0	1	1161	88463	87303	0.0	1740
nheA_NZ_CP101135.1:1839485-1840645	PS00913_167122	93.626	1161	74	0	1	1161	559	1719	0.0	1735
nheA_NZ_CP101135.1:1839485-1840645	PS00207_21913	93.626	1161	74	0	1	1161	137153	135993	0.0	1735
nheA_NZ_CP101135.1:1839485-1840645	PS00165_19548	93.626	1161	74	0	1	1161	122323	121163	0.0	1735
nheA_NZ_CP101135.1:1839485-1840645	PS00145_16325	93.626	1161	74	0	1	1161	71577	70417	0.0	1735
nheA_NZ_CP101135.1:1839485-1840645	PS00570_130781	94.842	1105	57	0	1	1105	1105	1	0.0	1725
nheA_NZ_CP101135.1:1839485-1840645	PS00466_72603	93.454	1161	76	0	1	1161	257	1417	0.0	1724
nheA_NZ_CP101135.1:1839485-1840645	PS00220_23608	93.368	1161	77	0	1	1161	368138	369298	0.0	1718
nheA_NZ_CP101135.1:1839485-1840645	PS00112_9739	93.368	1161	77	0	1	1161	78670	79830	0.0	1718
nheA_NZ_CP101135.1:1839485-1840645	PS00105_8511	93.368	1161	77	0	1	1161	20711	21871	0.0	1718
nheA_NZ_CP101135.1:1839485-1840645	PS00081_2890	93.368	1161	77	0	1	1161	302940	301780	0.0	1718
nheA_NZ_CP101135.1:1839485-1840645	PS00914_167567	93.282	1161	78	0	1	1161	37001	35841	0.0	1712
nheA_NZ_CP101135.1:1839485-1840645	PS00151_17572	93.282	1161	78	0	1	1161	4593	3433	0.0	1712
nheA_NZ_CP101135.1:1839485-1840645	PS00120_11805	93.282	1161	78	0	1	1161	216999	215839	0.0	1712
nheA_NZ_CP101135.1:1839485-1840645	PS00219_22710	95.841	1058	44	0	1	1058	1073	2130	0.0	1711
nheA_NZ_CP101135.1:1839485-1840645	PS00544_117390	94.867	1091	56	0	1	1091	260	1350	0.0	1705
nheA_NZ_CP101135.1:1839485-1840645	PS00514_97394	95.574	1062	45	2	1	1061	1061	1	0.0	1700
nheA_NZ_CP101135.1:1839485-1840645	PS00561_125494	94.922	1083	55	0	1	1083	1085	3	0.0	1696
nheA_NZ_CP101135.1:1839485-1840645	PS00159_18765	92.937	1161	82	0	1	1161	527172	526012	0.0	1690
nheA_NZ_CP101135.1:1839485-1840645	PS00049_1817	92.943	1162	80	2	1	1161	219570	220730	0.0	1690
nheA_NZ_CP101135.1:1839485-1840645	PS00953_175894	92.857	1162	81	2	1	1161	10417	9257	0.0	1685
nheA_NZ_CP101135.1:1839485-1840645	PS00923_174186	92.851	1161	83	0	1	1161	4424	3264	0.0	1685
nheA_NZ_CP101135.1:1839485-1840645	PS00920_171867	92.851	1161	83	0	1	1161	4628	3468	0.0	1685
nheA_NZ_CP101135.1:1839485-1840645	PS00918_170731	92.851	1161	83	0	1	1161	4882	3722	0.0	1685
nheA_NZ_CP101135.1:1839485-1840645	PS00917_170211	92.851	1161	83	0	1	1161	4569	3409	0.0	1685
nheA_NZ_CP101135.1:1839485-1840645	PS00916_169435	92.851	1161	83	0	1	1161	4457	3297	0.0	1685
nheA_NZ_CP101135.1:1839485-1840645	PS00915_167862	92.851	1161	83	0	1	1161	3793	2633	0.0	1685
nheA_NZ_CP101135.1:1839485-1840645	PS00912_166869	92.851	1161	83	0	1	1161	30069	28909	0.0	1685
nheA_NZ_CP101135.1:1839485-1840645	PS00911_166556	92.851	1161	83	0	1	1161	15633	16793	0.0	1685
nheA_NZ_CP101135.1:1839485-1840645	PS00153_18252	92.851	1161	83	0	1	1161	198961	200121	0.0	1685
nheA_NZ_CP101135.1:1839485-1840645	PS00149_17145	92.851	1161	83	0	1	1161	473	1633	0.0	1685
nheA_NZ_CP101135.1:1839485-1840645	PS00147_16688	92.851	1161	83	0	1	1161	4628	3468	0.0	1685
nheA_NZ_CP101135.1:1839485-1840645	PS00115_10861	92.857	1162	81	2	1	1161	306	1466	0.0	1685
nheA_NZ_CP101135.1:1839485-1840645	PS00110_8987	92.851	1161	83	0	1	1161	4841	3681	0.0	1685
nheA_NZ_CP101135.1:1839485-1840645	PS00106_8583	92.851	1161	83	0	1	1161	1057666	1058826	0.0	1685
nheA_NZ_CP101135.1:1839485-1840645	PS00101_7802	92.851	1161	83	0	1	1161	15211	16371	0.0	1685
nheA_NZ_CP101135.1:1839485-1840645	PS00097_7073	92.857	1162	81	2	1	1161	41712	42872	0.0	1685
nheA_NZ_CP101135.1:1839485-1840645	PS00095_6518	92.851	1161	83	0	1	1161	340	1500	0.0	1685
nheA_NZ_CP101135.1:1839485-1840645	PS00092_5902	92.851	1161	83	0	1	1161	145601	144441	0.0	1685
nheA_NZ_CP101135.1:1839485-1840645	PS00078_2662	92.851	1161	83	0	1	1161	4865	3705	0.0	1685
nheA_NZ_CP101135.1:1839485-1840645	PS00045_1371	92.851	1161	83	0	1	1161	296482	297642	0.0	1685
nheA_NZ_CP101135.1:1839485-1840645	PS00481_81714	92.513	1162	85	2	1	1161	15910	14750	0.0	1663
nheA_NZ_CP101135.1:1839485-1840645	PS00044_1295	92.506	1161	87	0	1	1161	74694	73534	0.0	1663
nheA_NZ_CP101135.1:1839485-1840645	PS00492_87222	92.255	1162	88	2	1	1161	3928	2768	0.0	1646
nheA_NZ_CP101135.1:1839485-1840645	PS00489_85491	92.255	1162	88	2	1	1161	3928	2768	0.0	1646
nheA_NZ_CP101135.1:1839485-1840645	PS00415_33542	94.544	1063	58	0	1	1063	1063	1	0.0	1642
nheA_NZ_CP101135.1:1839485-1840645	PS00482_82328	92.169	1162	89	2	1	1161	1952	792	0.0	1640
nheA_NZ_CP101135.1:1839485-1840645	PS00578_135059	94.566	1049	57	0	1	1049	393	1441	0.0	1622
nheA_NZ_CP101135.1:1839485-1840645	PS00585_138924	94.483	870	48	0	292	1161	2979	2110	0.0	1341
nheA_NZ_CP101135.1:1839485-1840645	PS00077_2320	83.791	1166	179	9	1	1161	17836	18996	0.0	1098
nheA_NZ_CP101135.1:1839485-1840645	PS00537_113303	80.086	1165	220	12	1	1159	6746	5588	0.0	856
nheA_NZ_CP101135.1:1839485-1840645	PS00535_112684	80.086	1165	220	12	1	1159	1639	481	0.0	856
nheA_NZ_CP101135.1:1839485-1840645	PS00477_81227	80.086	1165	220	12	1	1159	38915	37757	0.0	856
nheA_NZ_CP101135.1:1839485-1840645	PS00540_114756	80.000	1165	221	12	1	1159	440	1598	0.0	850
nheA_NZ_CP101135.1:1839485-1840645	PS00539_114278	80.000	1165	221	12	1	1159	1766	2924	0.0	850
nheA_NZ_CP101135.1:1839485-1840645	PS00536_113138	80.000	1165	221	12	1	1159	861743	862901	0.0	850
nheA_NZ_CP101135.1:1839485-1840645	PS00473_76909	80.000	1165	221	12	1	1159	38975	37817	0.0	850
nheA_NZ_CP101135.1:1839485-1840645	PS00399_25451	80.000	1165	221	12	1	1159	67333	66175	0.0	850
nheA_NZ_CP101135.1:1839485-1840645	PS00194_21229	80.000	1165	221	12	1	1159	1564637	1565795	0.0	850
# BLAST processed 8 queries
